0	88	84.8	80.9	73.3	66.5	69.6	66.5	64.3	65.5	68.1	66.9	62	61.1	64.5	69.3	83.1	111	101.2	135.3	245.7	306.6	330.7	410.8	402.4	494.3	388.9	315.9
0	89.2	84.8	80.9	73.3	66.4	69.6	66.4	64.3	65.5	68.1	66.9	61.9	61.2	64.5	69.4	83.5	110.2	100.9	137.2	246.6	306.9	330.2	411.3	402.4	494.1	388.8	315.6
0	88.1	84.8	80.9	73.3	66.4	69.6	66.4	64.3	65.5	68.2	66.8	61.8	61.3	64.5	69.5	83.9	109	100.7	139.2	247.5	307.2	329.8	411.8	402.3	493.8	388.7	315.4
0	-58	84.8	80.9	73.2	66.3	69.7	66.3	64.3	65.5	68.3	66.8	61.8	61.4	64.5	69.6	84.3	107.5	100.6	141.2	248.2	307.5	329.3	412.5	402.3	493.6	388.7	315.1
0	88.1	84.8	80.9	73.2	66.3	69.7	66.3	64.3	65.5	68.3	66.8	61.8	61.5	64.5	69.7	84.7	105.8	100.7	143.3	248.8	307.7	328.8	413.1	402.3	493.2	388.8	314.7
0	88.1	84.8	80.9	73.2	66.2	69.7	66.2	64.2	65.6	68.4	66.7	61.8	61.5	64.5	69.8	85.1	104	101	145.2	249.2	307.9	328.3	413.8	402.3	492.9	389	314.3
0	88.1	84.8	80.9	73.2	66.2	69.7	66.2	64.2	65.6	68.4	66.7	61.9	61.5	64.5	69.9	85.5	102	101.4	147.3	249.6	308	327.8	414.5	402.2	492.6	389.2	314
0	71.5	84.8	80.9	73.2	66.2	69.7	66.2	64.2	65.6	68.5	66.6	61.9	61.5	64.6	70.1	85.8	99.8	101.9	149.3	249.8	307.8	327.4	415.3	402.2	492.3	389.4	313.6
0	88.1	84.8	80.8	73.2	66.2	69.7	66.2	64.2	65.6	68.5	66.5	62	61.5	64.6	70.2	86.2	97.7	102.5	151.2	250	307.8	327	416	402.2	492.1	389.7	313.3
0	89.1	84.9	80.8	73.2	66.2	69.7	66.2	64.2	65.6	68.6	66.5	62.1	61.5	64.7	70.3	86.5	95.6	103.1	153	250.2	307.8	326.7	416.6	402.1	492	390	313
0	88	84.9	80.8	73.1	66.2	69.7	66.2	64.2	65.6	68.6	66.4	62.1	61.5	64.7	70.4	86.8	93.6	103.7	154.9	250.5	307.8	326.5	417.2	402.1	492	390.5	312.7
0	88	84.9	80.8	73.1	66.2	69.7	66.2	64.1	65.6	68.6	66.3	62.2	61.5	64.7	70.6	87	91.9	104.3	156.6	250.7	307.7	326.3	417.7	402	492.1	390.9	312.5
0	88	85	80.7	73.1	66.1	69.6	66.1	64.1	65.6	68.6	66.3	62.3	61.5	64.7	70.7	87.2	90.1	105	158.2	251	307.7	326.4	418.1	402	492.2	391.2	312.3
0	87.9	85	80.7	73.1	66.1	69.6	66.1	64.1	65.6	68.6	66.2	62.4	61.5	64.7	70.8	87.4	88.5	105.7	159.5	251.2	307.5	326.5	418.3	402	492.5	391.5	312.1
0	87.9	85	80.6	73.1	66.1	69.5	66.1	64.1	65.6	68.6	66.1	62.4	61.5	64.7	70.9	87.5	87	106.4	160.7	251.4	307.1	326.8	418.6	402.1	492.9	391.7	311.9
0	89.8	85	80.6	73.1	66.1	69.4	66.1	64.1	65.6	68.5	66.1	62.5	61.5	64.8	71	87.6	85.5	107.2	161.6	251.6	306.6	327.1	418.8	402.2	493.5	391.8	311.8
0	89.9	85	80.5	73.2	66	69.4	66	64.1	65.6	68.5	66	62.6	61.4	64.8	71.1	87.5	84.3	107.9	162.2	251.9	306.1	327.5	419.1	402.2	494.3	391.7	311.8
0	87.8	85	80.5	73.2	66	69.3	66	64.1	65.6	68.4	66	62.7	61.3	64.8	71.2	87.4	83.1	108.7	162.7	252.1	305.5	327.8	419.3	402.2	495.1	391.7	311.8
0	89.8	85	80.4	73.2	66	69.1	66	64.1	65.6	68.4	65.9	62.7	61.3	64.8	71.3	87.3	82.1	109.4	163.1	252.3	304.9	328.3	419.5	402.2	495.9	391.5	311.9
0	87.8	85	80.4	73.2	66	69	66	64.1	65.5	68.3	65.9	62.8	61.2	64.9	71.4	87	81.3	110.2	163.3	252.6	304.2	328.6	419.5	402.2	496.8	391.4	312.1
0	87.8	85	80.3	73.2	66	68.9	66	64.1	65.5	68.2	65.9	62.8	61.2	64.9	71.5	86.6	80.7	110.9	163.5	252.8	303.6	329	419.3	402.2	497.6	391.2	312.2
0	87.8	85	80.3	73.2	66	68.7	66	64.2	65.5	68	65.8	62.9	61.2	64.9	71.6	86.1	80.2	111.6	163.4	253	303	329.4	419.1	402.3	498.2	391.1	312.3
0	89.8	85	80.3	73.3	66	68.5	66	64.2	65.5	67.9	65.8	62.9	61.2	65	71.7	85.5	79.9	112.3	163.1	253.1	302.5	329.8	418.8	402.3	498.9	391	312.5
0	87.8	85	80.2	73.3	66	68.4	66	64.2	65.5	67.7	65.8	62.9	61.3	65	71.8	84.8	79.7	112.9	162.8	253.1	302	330.2	418.6	402.3	499.4	390.9	312.6
0	89.8	85	80.2	73.3	66	68.2	66	64.2	65.5	67.5	65.8	63	61.3	65	71.9	84.1	79.7	113.5	162.4	253	301.6	330.6	418.5	402.4	499.9	390.7	312.8
0	87.8	85	80.1	73.3	66	68.1	66	64.3	65.4	67.3	65.8	63	61.3	65.1	71.9	83.3	79.8	114	162	252.8	301.2	331.1	418.4	402.4	500.2	390.6	312.9
0	87.9	84.9	80.1	73.4	65.9	67.9	65.9	64.3	65.4	67	65.8	63	61.3	65.2	72	82.5	80	114.5	161.6	252.5	301	331.4	418.4	402.6	500.5	390.5	312.9
0	87.9	84.9	80	73.4	65.9	67.8	65.9	64.3	65.4	66.8	65.8	63	61.3	65.3	72	81.6	80.2	114.9	161.3	252.1	300.7	331.8	418.3	402.9	500.6	390.5	312.9
0	89.9	84.8	80	73.4	65.9	67.7	65.9	64.3	65.4	66.5	65.8	63	61.3	65.3	72.1	80.7	80.5	115.3	160.9	251.6	300.6	332.1	418.3	403.2	500.6	390.6	312.8
0	88	84.8	79.9	73.4	65.9	67.6	65.9	64.3	65.4	66.2	65.9	63	61.4	65.4	72.1	79.8	80.9	115.6	160.7	251.1	300.6	332.3	418.4	403.6	500.3	390.7	312.6
0	89.2	84.7	79.9	73.5	65.9	67.5	65.9	64.3	65.3	65.9	65.9	63	61.4	65.5	72.1	79	81.3	115.9	160.5	250.6	300.7	332.6	418.6	404.1	499.9	390.7	312.3
0	88	84.7	79.9	73.5	65.9	67.4	65.9	64.4	65.3	65.6	65.9	62.9	61.4	65.6	72.1	78.1	81.8	116	160.5	249.9	301.1	332.9	418.7	404.5	499.4	390.7	312.1
0	88	84.6	79.8	73.5	65.9	67.3	65.9	64.4	65.3	65.3	65.9	62.9	61.5	65.6	72	77.3	82.3	116	160.5	249.3	301.6	333.1	418.8	405.1	498.9	390.8	311.6
0	88.1	84.6	79.8	73.6	65.9	67.2	65.9	64.4	65.2	65.1	65.9	62.9	61.6	65.7	72	76.6	82.8	116	160.6	248.5	302.1	333.3	419.1	405.6	498.4	391	311.3
0	90	84.5	79.8	73.6	65.9	67.2	65.9	64.4	65.2	64.8	66	63	61.6	65.7	71.9	76	83.3	115.8	160.8	247.7	302.6	333.4	419.4	406	498	391.2	310.8
0	88.1	84.5	79.8	73.6	65.9	67.1	65.9	64.4	65.2	64.6	66	62.9	61.7	65.7	71.8	75.5	83.8	115.5	161.1	246.8	303.1	333.6	419.7	406.4	497.6	391.3	310.5
0	88.1	84.5	79.8	73.7	65.9	67.1	65.9	64.4	65.1	64.4	66	62.9	61.8	65.7	71.7	75	84.3	115.1	161.3	245.9	303.6	333.6	419.9	406.9	497.3	391.4	310.1
0	88.1	84.4	79.8	73.7	65.9	67.1	65.9	64.4	65.1	64.2	66	62.9	61.8	65.7	71.6	74.7	84.8	114.6	161.7	244.9	304.1	333.7	419.9	407.2	497	391.5	309.8
0	88.1	84.3	79.8	73.7	65.9	67.1	65.9	64.4	65	64	66	62.9	61.9	65.8	71.4	74.4	85.3	114.1	162	244.1	304.7	333.7	419.8	407.6	496.9	391.6	309.5
0	88.1	84.2	79.8	73.7	65.9	67.1	65.9	64.4	65	63.8	66	62.9	62	65.8	71.2	74.2	85.7	113.6	162.4	243.4	305.2	333.7	419.5	407.8	496.9	391.6	309.2
0	88.1	84	79.8	73.7	65.9	67.1	65.9	64.4	65	63.7	66	62.9	62.1	65.8	71	74.1	86.2	113.1	162.7	242.8	305.8	333.7	419.1	407.9	496.9	391.6	309
0	88.1	83.9	79.8	73.7	66	67.1	66	64.4	64.9	63.6	66	62.9	62.1	65.8	70.7	74	86.6	112.5	162.9	242.2	306.3	333.7	418.6	408.1	496.9	391.6	308.7
0	88.1	83.7	79.8	73.8	66	67.1	66	64.4	64.9	63.5	66	63	62.2	65.8	70.4	74	87	111.9	163	241.8	306.7	333.8	418.2	408.1	496.9	391.6	308.6
0	88.1	83.5	79.8	73.8	66	67.1	66	64.4	64.8	63.5	66	63	62.3	65.9	70.2	74.1	87.3	111.4	163.1	241.3	307.2	333.8	417.8	408.1	497	391.6	308.5
0	90.2	83.3	79.9	73.8	66	67.1	66	64.4	64.8	63.4	66.1	63	62.4	65.9	69.9	74.2	87.7	110.9	163	241	307.6	333.8	417.6	408.2	497.1	391.6	308.6
0	88.1	83.1	79.9	73.8	66	67.1	66	64.4	64.7	63.4	66.1	63	62.5	66	69.7	74.4	87.9	110.4	162.8	240.8	308	333.8	417.5	408	497.4	391.5	308.7
0	88.1	82.9	79.9	73.8	66	67.1	66	64.3	64.6	63.5	66.1	63	62.5	66	69.5	74.6	88.1	110	162.6	240.7	308.3	333.9	417.4	407.9	497.8	391.4	308.9
0	89.2	82.8	79.9	73.8	66	67.1	66	64.3	64.6	63.5	66.1	63	62.6	66.1	69.3	74.8	88.3	109.6	162.2	240.6	308.7	333.9	417.5	407.8	498.3	391.3	309.1
0	88.1	82.5	80	73.9	66.1	67.1	66.1	64.3	64.5	63.5	66.1	63.1	62.7	66.1	69.2	75	88.4	109.3	161.7	240.7	309	333.9	417.7	407.7	498.9	391.2	309.3
0	90	82.4	80	73.9	66.1	67.1	66.1	64.2	64.5	63.5	66.1	63.1	62.7	66.2	69	75.2	88.4	109	161	241	309.2	333.9	418.1	407.6	499.6	391.1	309.5
0	88.1	82.2	80	73.9	66.1	67.1	66.1	64.2	64.4	63.6	66.1	63.1	62.8	66.2	68.9	75.5	88.3	108.9	160.1	241.3	309.4	333.9	418.4	407.4	500.1	391.1	309.8
0	89.2	82.1	80.1	73.9	66.1	67.1	66.1	64.1	64.4	63.6	66.1	63.1	62.9	66.3	68.8	75.8	88.1	108.7	159.2	241.7	309.5	333.9	418.8	407.3	500.6	391.3	309.9
0	88	82	80.1	73.9	66.1	67.1	66.1	64.1	64.3	63.6	66.1	63.1	62.9	66.4	68.7	76.1	87.7	108.6	158.1	242.2	309.6	333.9	419.3	407.2	501	391.5	310
0	89.1	81.8	80.2	74	66.1	67.1	66.1	64	64.3	63.7	66.1	63.1	63	66.4	68.6	76.3	87.3	108.6	157	242.8	309.6	333.9	419.9	407.2	501.4	391.7	310.1
0	87.9	81.7	80.2	74	66.1	67.1	66.1	64	64.2	63.7	66.1	63.2	63	66.5	68.6	76.6	86.8	108.6	155.9	243.5	309.7	333.8	420.4	407.3	501.7	392	310.3
0	88.9	81.6	80.2	74	66.1	67.1	66.1	64	64.2	63.8	66.1	63.2	63	66.5	68.5	76.8	86.2	108.7	154.6	244.1	309.7	333.8	420.9	407.4	501.8	392.3	310.3
0	87.8	81.5	80.3	74	66.1	67.1	66.1	63.9	64.2	63.8	66.1	63.2	63	66.6	68.5	77.1	85.6	108.7	153.4	244.8	309.7	333.9	421.3	407.4	501.9	392.6	310.5
0	88.9	81.3	80.3	74	66.1	67.1	66.1	63.9	64.1	63.9	66.1	63.3	63	66.7	68.5	77.3	84.8	108.8	152.4	245.4	309.7	333.9	421.5	407.4	501.8	392.9	310.5
0	87.7	81.2	80.3	74	66.1	67.1	66.1	63.8	64.1	63.9	66.2	63.3	63.1	66.7	68.5	77.5	84.1	108.8	151.6	246	309.7	333.9	421.6	407.5	501.8	393.3	310.6
0	89.6	81	80.3	74.1	66.1	67.1	66.1	63.7	64.1	63.9	66.2	63.4	63.1	66.7	68.5	77.7	83.4	108.9	150.9	246.7	309.6	333.9	421.5	407.6	501.5	393.7	310.8
0	87.6	80.9	80.4	74.1	66.1	67.2	66.1	63.7	64.1	63.9	66.2	63.4	63.2	66.8	68.5	77.9	82.6	108.9	150.1	247.3	309.6	333.9	421.4	407.7	501.3	394.2	311
0	12.2	80.8	80.4	74.1	66.1	67.2	66.1	63.6	64.1	63.9	66.2	63.4	63.2	66.8	68.5	78	81.8	109	149.5	247.9	309.5	334	421.1	407.8	500.9	394.8	311.2
0	87.6	80.7	80.4	74.1	66.1	67.2	66.1	63.6	64.1	63.9	66.2	63.5	63.3	66.8	68.6	78.2	81	108.9	149	248.5	309.4	334	420.9	407.9	500.6	395.2	311.4
0	88.7	80.7	80.4	74.2	66.1	67.2	66.1	63.5	64.1	63.9	66.2	63.5	63.3	66.7	68.6	78.2	80.3	108.9	148.5	249	309.2	334.1	420.8	407.9	500.3	395.6	311.8
0	87.6	80.6	80.5	74.2	66	67.2	66	63.4	64.1	63.9	66.3	63.5	63.4	66.7	68.7	78.3	79.6	108.7	148.1	249.6	308.9	334.1	420.7	407.9	500.2	395.9	312.1
0	88.7	80.6	80.5	74.2	66	67.2	66	63.4	64.2	63.9	66.3	63.6	63.4	66.6	68.8	78.2	79	108.6	147.9	250.2	308.6	334.2	420.6	407.8	500.1	396.1	312.5
0	87.5	80.5	80.5	74.2	66	67.2	66	63.3	64.2	63.9	66.3	63.6	63.5	66.6	68.8	78.2	78.5	108.4	147.8	250.7	308.3	334.4	420.5	407.7	500.3	396.3	312.9
0	88.6	80.5	80.5	74.2	66	67.2	66	63.2	64.2	63.9	66.3	63.6	63.5	66.6	68.9	78	78.1	108.2	147.9	251.3	308	334.4	420.4	407.5	500.3	396.4	313.2
0	89.6	80.4	80.5	74.2	66	67.2	66	63.1	64.2	63.9	66.3	63.6	63.5	66.5	68.9	77.8	77.7	108	148.1	251.7	307.7	334.6	420.2	407.3	500.4	396.5	313.6
0	87.5	80.4	80.5	74.2	65.9	67.2	65.9	63.1	64.3	63.8	66.3	63.6	63.6	66.5	68.9	77.6	77.4	107.8	148.4	252.1	307.4	334.7	420	407.1	500.6	396.6	314
0	87.5	80.4	80.6	74.2	65.9	67.2	65.9	63	64.3	63.8	66.3	63.7	63.6	66.5	69	77.2	77.2	107.6	148.8	252.5	307.1	334.9	419.9	406.9	500.8	396.8	314.4
0	87.4	80.5	80.6	74.2	65.8	67.2	65.8	62.9	64.3	63.8	66.4	63.7	63.6	66.5	69	76.8	77.1	107.4	149.3	252.8	306.8	334.9	419.7	406.6	501	397	314.8
0	87.4	80.6	80.6	74.2	65.8	67.2	65.8	62.8	64.3	63.8	66.4	63.7	63.7	66.4	69.1	76.3	77	107.2	149.9	253.1	306.4	335.1	419.7	406.2	501.3	397.1	315.2
0	87.4	80.8	80.6	74.3	65.7	67.2	65.7	62.8	64.3	63.8	66.4	63.7	63.8	66.4	69.1	75.7	76.9	107	150.5	253.2	306.1	335.2	419.7	405.9	501.7	397.3	315.6
0	87.4	81	80.7	74.3	65.6	67.2	65.6	62.7	64.4	63.9	66.4	63.7	63.9	66.4	69.1	75	77	106.8	151.2	253.4	305.8	335.2	419.7	405.6	502.1	397.5	315.9
0	88.6	81.2	80.7	74.3	65.6	67.2	65.6	62.7	64.4	63.9	66.4	63.8	64	66.4	69.2	74.3	77	106.6	151.9	253.4	305.6	335.2	419.9	405.4	502.5	397.7	316.2
0	87.5	81.4	80.7	74.3	65.6	67.2	65.6	62.6	64.4	63.9	66.4	63.8	64.1	66.4	69.2	73.6	77.1	106.5	152.7	253.4	305.4	335.1	420.3	405.2	502.8	397.9	316.4
0	87.6	81.7	80.8	74.3	65.5	67.2	65.5	62.6	64.4	63.9	66.4	63.8	64.2	66.4	69.2	72.8	77.1	106.4	153.4	253.4	305.1	335	420.6	405.1	498.9	398.2	316.6
0	87.7	82	80.8	74.3	65.5	67.2	65.5	62.6	64.4	63.9	66.5	63.8	64.3	66.4	69.2	72.1	77.2	106.3	154.2	253.4	305	334.9	420.9	404.9	502.5	398.4	316.6
0	87.8	82.3	80.9	74.2	65.4	67.2	65.4	62.6	64.5	63.9	66.5	63.8	64.4	66.5	69.1	71.4	77.3	106.3	154.9	253.2	304.8	334.8	421.2	404.9	503.4	398.6	316.6
0	87.9	82.6	81	74.2	65.4	67.2	65.4	62.6	64.5	63.9	66.5	63.9	64.5	66.5	69.1	70.7	77.4	106.3	155.6	253	304.7	334.6	421.5	404.9	503.6	399	316.5
0	89.1	82.9	81	74.2	65.3	67.2	65.3	62.6	64.5	63.9	66.5	63.9	64.5	66.6	69	70.1	77.5	106.3	156.3	252.8	304.6	334.4	421.8	405	503.8	399.3	316.3
0	88.1	83.1	81	74.2	65.3	67.2	65.3	62.6	64.5	63.9	66.5	63.9	64.6	66.6	68.9	69.6	77.6	106.4	156.9	252.6	304.4	334.1	421.9	405.1	504.1	399.4	316
0	88.1	83.3	81.1	74.2	65.3	67.2	65.3	62.7	64.5	64	66.5	63.9	64.6	66.7	68.8	69.1	77.6	106.5	157.5	252.4	304.4	334	422	405.3	504.3	399.7	315.8
0	88.3	83.5	81.1	74.2	65.2	67.2	65.2	62.7	64.5	63.9	66.5	64	64.7	66.8	68.7	68.6	77.7	106.6	158	252.2	304.3	333.8	422	405.4	504.5	399.9	315.5
0	88.3	83.6	81.2	74.2	65.2	67.2	65.2	62.7	64.5	64	66.6	64	64.7	66.9	68.6	68.1	77.7	106.8	158.5	251.9	304.2	333.6	421.9	405.6	504.7	400.1	315.1
0	89.6	83.8	81.2	74.2	65.2	67.2	65.2	62.8	64.5	64	66.6	64	64.8	67	68.4	67.8	77.8	107	159	251.6	304.2	333.4	421.7	405.7	504.8	400.2	314.8
0	88.5	83.9	81.2	74.1	65.1	67.2	65.1	62.8	64.5	64	66.6	64	64.9	67	68.2	67.5	77.8	107.2	159.5	251.3	304.2	333.3	421.4	405.9	505	400.3	314.4
0	88.6	84.1	81.3	74.1	65.1	67.1	65.1	62.9	64.5	64	66.6	64	65	67.1	67.9	67.2	77.8	107.4	159.9	251.1	304.4	333.1	421.1	406	505.2	400.5	314
0	88.7	84.2	81.3	74.1	65	67.1	65	63	64.5	64	66.6	64.1	65.1	67.2	67.7	67	77.9	107.6	160.2	250.8	304.4	332.8	420.7	406.2	505.4	400.7	313.5
0	89.9	84.3	81.3	74.1	65	67.1	65	63	64.5	64	66.6	64.1	65.2	67.3	67.4	66.8	77.9	107.9	160.5	250.5	304.6	332.5	420.3	406.2	505.8	400.7	313.1
0	88.8	84.4	81.4	74.1	64.9	67	64.9	63.1	64.5	64	66.6	64.1	65.2	67.4	67.1	66.7	77.9	108.1	160.8	250.2	304.6	332.2	419.8	406.3	506.3	400.5	312.6
0	88.8	84.5	81.4	74.1	64.9	67	64.9	63.2	64.5	64	66.6	64.2	65.3	67.5	66.8	66.7	77.9	108.4	161	249.9	304.6	331.9	419.2	406.4	506.8	400.3	312.1
0	88.9	84.6	81.4	74.1	64.8	67	64.8	63.2	64.5	64.1	66.6	64.2	65.4	67.5	66.5	66.7	78	108.6	161.2	249.6	304.6	331.7	418.5	406.5	507.3	399.9	311.5
0	88.9	84.7	81.4	74.1	64.8	66.9	64.8	63.3	64.5	64.1	66.6	64.3	65.4	67.6	66.2	66.7	78	108.9	161.3	249.5	304.5	331.5	417.7	406.7	507.8	399.6	311
0	38.4	84.8	81.4	74.1	64.8	66.9	64.8	63.3	64.5	64.1	66.7	64.3	65.5	67.7	65.9	66.8	78.1	109.1	161.4	249.3	304.4	331.3	417	406.9	508.4	399.1	310.4
0	90.9	84.9	81.4	74.1	64.7	66.9	64.7	63.4	64.5	64.1	66.7	64.3	65.6	67.7	65.6	66.8	78.1	109.3	161.4	249	304.3	331.1	416.2	407.2	508.9	398.4	309.7
0	88.9	85	81.4	74.1	64.7	66.9	64.7	63.4	64.5	64.2	66.7	64.3	65.7	67.8	65.3	66.9	78.2	109.6	161.3	248.8	304.2	330.8	415.7	407.4	503.2	397.8	309
0	90	85	81.4	74.1	64.7	66.9	64.7	63.4	64.5	64.2	66.7	64.3	65.9	67.8	65	67	78.2	109.8	161.2	248.7	304.1	330.6	415.4	407.6	501.8	397.4	308.3



0	90.9	90.4	86.2	74.3	70	69.7	65.5	66.1	64.6	64.7	64.2	63	121.8	63.9	63.8	66.9	79.3	79.9	134.2	187.4	333.4	404.3	433.2	493.6	407.2	414.8	357.6
0	90.8	90.4	86.2	74.3	70	69.7	65.5	66.1	64.6	64.7	64.2	63	121.9	64	63.7	67	78.5	79.7	135.1	189.1	334.4	404.8	433.4	493.4	407.5	414.5	356.7
0	90.7	90.5	86.2	74.3	70	69.7	65.5	66.1	64.6	64.6	64.2	63	121.9	64	63.6	67.1	77.6	79.7	136	190.9	335.6	405.1	433.6	493.2	407.8	414.2	355.7
0	90.8	90.5	86.1	74.3	70	69.7	65.5	66.1	64.6	64.6	64.1	63.1	122	64	63.6	67.2	76.6	79.8	136.9	192.7	336.6	405.4	433.8	493	408	414	354.6
0	90.7	90.5	86.1	74.3	70	69.7	65.5	66.1	64.6	64.6	64.1	63.1	122	64	63.5	67.4	75.5	79.9	137.8	194.5	337.6	405.7	434	492.9	408.1	413.8	353.6
0	90.7	90.5	86.1	74.3	70	69.7	65.6	66.1	64.6	64.6	64.1	63.2	122	64	63.5	67.5	74.5	80.2	138.7	196.3	338.6	406.1	434.2	492.9	408.2	413.5	352.4
0	90.7	90.5	86.1	74.3	70	69.7	65.6	66.1	64.6	64.5	64.1	63.2	122	64	63.4	67.6	73.2	80.4	139.7	198.2	339.6	406.4	434.5	493.1	408.5	413.1	351.4
0	90.6	90.5	86.1	74.3	70	69.7	65.6	66.1	64.5	64.5	64.2	63.2	122.1	64	63.4	67.7	72.2	80.7	140.5	200	340.5	406.7	434.7	493.5	408.9	412.5	350.5
0	90.6	90.5	86	74.3	70	69.7	65.6	66.1	64.5	64.5	64.2	63.2	122.1	64	63.4	67.8	71.2	81	141.4	201.8	341.5	406.9	434.9	493.8	409.2	411.8	349.7
0	90.7	90.4	86	74.3	70	69.7	65.6	66.1	64.5	64.5	64.2	63.3	122.1	64	63.4	67.9	70.2	81.3	142.4	203.5	342.4	407.2	435	494.1	409.6	411.2	349
0	90.6	90.4	86	74.3	70	69.7	65.7	66.1	64.5	64.4	64.3	63.3	122.1	64	63.4	68	69.3	81.6	143.3	205.1	343.3	407.6	435.1	494.1	409.9	410.5	348.3
0	90.7	90.4	85.9	74.3	70	69.6	65.7	66.1	64.4	64.4	64.3	63.3	122.1	63.9	63.4	68	68.6	82	144.1	206.8	344.1	407.9	435	494.1	410.1	409.7	347.8
0	90.6	90.4	85.9	74.3	70	69.6	65.7	66.1	64.4	64.3	64.4	63.3	122.1	63.9	63.4	68.1	68	82.3	145.1	208.4	344.9	408.2	435	494.1	410.3	408.9	347.4
0	90.5	90.3	85.9	74.3	70	69.6	65.7	66.2	64.4	64.3	64.4	63.4	122	63.9	63.4	68.1	67.4	82.7	145.9	209.9	345.6	408.5	434.9	494.2	410.2	408.2	347
0	90.6	90.3	85.9	74.3	70	69.6	65.7	66.2	64.4	64.3	64.4	63.4	122	63.9	63.5	68.1	67	83.1	146.7	211.4	346.1	408.9	434.7	494.3	410	407.4	346.8
0	90.4	90.2	85.8	74.3	70	69.6	65.7	66.2	64.4	64.2	64.5	63.4	122	63.9	63.5	68	66.6	83.4	147.6	212.9	346.5	409.2	434.4	494.3	409.8	406.7	346.7
0	90.5	90.2	85.8	74.3	70	69.6	65.7	66.2	64.3	64.2	64.5	63.5	122	63.9	63.6	68	66.4	83.8	148.4	214.4	346.9	409.5	434	494.6	409.6	405.8	346.7
0	90.4	90.2	85.8	74.3	70	69.6	65.7	66.2	64.3	64.1	64.5	63.5	122	63.9	63.6	67.9	66.2	84.2	149.4	215.9	347.2	409.7	433.7	494.6	409.2	404.8	346.9
0	90.4	90.1	85.7	74.3	70	69.6	65.7	66.2	64.3	64.1	64.5	63.6	122	63.9	63.7	67.7	66	84.6	150.1	217.3	347.7	410	433.5	494.8	409	403.7	347.2
0	90.4	90.1	85.7	74.3	70	69.6	65.6	66.2	64.3	64	64.5	63.6	122.1	63.9	63.8	67.5	66	84.9	151	218.6	348.1	410.5	433.5	494.8	408.6	402.7	347.4
0	90.3	90.1	85.7	74.3	70	69.6	65.6	66.2	64.2	64	64.5	63.6	122.2	63.9	63.9	67.2	66	85.4	151.8	220	348.5	410.9	433.5	494.7	408.1	401.7	347.7
0	90.3	90	85.7	74.3	69.9	69.6	65.7	66.2	64.2	63.9	64.6	63.7	122.2	63.9	63.9	66.9	66	85.7	152.6	221.3	349	411.5	433.7	494.6	407.5	400.8	348
0	90.4	90	85.6	74.4	69.9	69.5	65.7	66.2	64.2	63.9	64.6	63.7	122.3	63.9	64	66.6	66	86.1	153.3	222.6	349.5	412.2	433.7	494.5	406.7	400	348.4
0	90.4	90	85.6	74.4	69.9	69.5	65.7	66.2	64.2	63.9	64.6	63.7	122.4	63.9	64	66.2	66.1	86.6	154.1	223.9	349.8	412.9	433.9	494.6	405.7	399.1	348.6
0	90.4	89.9	85.6	74.4	69.9	69.4	65.7	66.2	64.1	63.8	64.6	63.7	122.5	63.9	64	66	66.2	87	154.8	225.2	350.2	413.7	434	494.6	404.9	398.4	348.9
0	90.4	89.9	85.6	74.4	70	69.4	65.8	66.2	64.1	63.8	64.6	63.8	122.5	63.9	64	65.7	66.3	87.4	155.7	226.6	350.7	414.5	434.1	494.8	404	397.7	349.2
0	90.4	89.8	85.5	74.4	69.9	69.4	65.8	66.2	64.1	63.8	64.6	63.8	122.6	63.9	64.1	65.5	66.4	87.8	156.4	227.9	351	415.2	434.2	494.8	403.3	397.1	349.5
0	90.5	89.8	85.5	74.4	69.9	69.3	65.8	66.1	64.1	63.8	64.6	63.8	122.7	63.9	64.1	65.2	66.5	88.2	157.3	229.3	351.4	416	434.3	494.8	402.7	396.5	349.9
0	90.4	89.8	85.4	74.4	69.9	69.2	65.8	66.1	64	63.8	64.6	63.8	122.7	63.9	64.1	65.1	66.6	88.6	158	230.7	351.8	416.8	434.3	494.7	402.4	396	350.2
0	90.5	89.7	85.4	74.5	69.9	69.2	65.8	66.1	64	63.8	64.6	63.9	122.8	63.9	64.1	64.9	66.7	89.1	158.8	232	352.2	417.5	434.4	494.5	402	395.5	350.4
0	90.4	89.7	85.4	74.5	69.9	69.1	65.9	66.1	64	63.8	64.6	63.9	122.8	63.9	64.2	64.8	66.9	89.5	159.5	233.3	352.5	418.1	434.3	494.2	401.4	395.3	350.4
0	90.5	89.7	85.3	74.5	69.9	69	65.9	66.1	63.9	63.8	64.6	63.9	122.8	64	64.2	64.7	67	89.9	160.1	234.6	352.9	418.7	434.2	493.9	400.6	395.3	350.3
0	90.5	89.7	85.3	74.5	69.9	69	65.9	66	63.9	63.8	64.6	63.9	122.7	64	64.2	64.6	67.2	90.4	160.8	235.9	353.3	419.2	434.1	493.7	399.9	395.3	350
0	90.4	89.7	85.3	74.5	69.9	68.9	66	66	63.9	63.8	64.6	63.9	122.7	64	64.2	64.6	67.3	90.7	161.5	237.2	353.7	419.6	433.9	493.4	399.3	395.5	349.7
0	90.4	89.7	85.2	74.5	69.9	68.8	66	66	63.8	63.8	64.7	63.9	122.6	64.1	64.2	64.5	67.4	91.2	162.1	238.6	354	419.8	433.7	493.2	398.7	395.7	349.3
0	90.4	89.7	85.2	74.5	69.9	68.8	66	65.9	63.8	63.9	64.7	63.9	122.4	64.1	64.2	64.5	67.6	91.6	162.8	239.8	354.4	419.6	433.4	492.9	398.1	395.8	348.9
0	90.4	89.7	85.2	74.5	69.9	68.8	66	65.9	63.7	63.9	64.8	64	122.3	64.2	64.3	64.5	67.7	92	163.5	241.3	354.8	419.1	433	492.6	397.3	396	348.4
0	90.4	89.7	85.2	74.5	69.9	68.8	66.1	65.9	63.7	63.9	64.8	64	122.2	64.2	64.3	64.5	67.9	92.4	164.1	242.5	355.1	418.7	432.6	492.1	396.5	396.1	348
0	90.4	89.6	85.1	74.5	69.9	68.7	66.1	65.9	63.7	64	64.8	64	122.2	64.3	64.3	64.5	68	92.8	164.8	243.7	355.6	418.6	432.2	491.5	395.9	396.3	347.6
0	90.4	89.6	85.1	74.5	69.9	68.7	66.1	65.8	63.7	64	64.9	64	122.1	64.3	64.3	64.5	68.1	93.2	165.4	244.6	356.1	418.5	431.9	490.7	395.3	396.5	347.2
0	90.4	89.5	85.1	74.5	69.9	68.7	66.1	65.8	63.6	64	64.9	64	122.1	64.3	64.3	64.5	68.3	93.6	166	245.5	356.6	418.5	431.7	489.8	394.6	396.6	346.8
0	90.3	89.5	85.1	74.5	69.9	68.8	66.1	65.8	63.6	64.1	65	64	122.1	64.4	64.3	64.5	68.4	94	166.6	246.3	356.9	418.5	431.4	488.8	394	396.9	346.3
0	90.4	89.4	85.1	74.5	69.9	68.8	66.1	65.7	63.6	64.1	65	64.1	122.1	64.4	64.3	64.5	68.6	94.3	167.3	246.8	357.2	418.5	431.2	487.8	393.3	397.2	345.8
0	90.3	89.3	85.1	74.5	69.9	68.9	66.1	65.7	63.6	64.2	65	64.1	122.1	64.4	64.4	64.5	68.7	94.7	167.7	247.4	357.6	418.6	430.9	486.9	392.6	397.3	345.4
0	90.4	89.2	85.1	74.5	69.8	68.9	66	65.7	63.6	64.2	65	64.1	122.1	64.4	64.4	64.6	68.8	95.1	168.3	247.8	357.9	418.7	430.7	486	392.2	397.5	345.1
0	90.4	89.1	85	74.5	69.8	68.9	66	65.7	63.6	64.3	65	64.1	122.2	64.5	64.4	64.6	69	95.5	168.8	248.2	357.9	418.6	430.3	485	392.1	397.6	345
0	90.3	89	85	74.4	69.8	68.9	66	65.6	63.6	64.4	65	64.1	122.3	64.5	64.4	64.6	69.2	95.8	169.3	248.7	358	418.3	430	483.9	392.2	397.7	344.9
0	90.4	88.8	85	74.4	69.8	68.9	66	65.6	63.7	64.4	65	64.1	122.3	64.5	64.4	64.6	69.3	96.1	169.8	249.1	358	418	429.5	482.8	392.6	397.8	344.9
0	90.3	88.7	85	74.4	69.8	68.9	66	65.6	63.7	64.4	65	64.2	122.4	64.5	64.5	64.7	69.5	96.5	170.2	249.6	358.2	417.6	429.1	481.6	393	397.9	345
0	90.3	88.6	85	74.4	69.8	68.9	66	65.5	63.7	64.5	65	64.2	122.5	64.6	64.5	64.7	69.7	96.7	170.5	250.2	358.3	417.2	428.8	480.3	393.4	398.1	345.1
0	90.4	88.5	85	74.4	69.8	68.8	66	65.5	63.7	64.6	65	64.2	122.6	64.6	64.5	64.7	69.8	97.1	170.9	250.8	358.4	417.3	428.3	479.1	393.8	398.2	345.2
0	90.3	88.4	85	74.4	69.8	68.8	65.9	65.4	63.8	64.6	64.9	64.2	122.8	64.6	64.6	64.7	70	97.4	171.2	251.5	358.5	417.6	427.8	478.2	394.3	398.3	345.3
0	90.4	88.3	85	74.4	69.8	68.9	65.9	65.4	63.8	64.7	64.9	64.3	122.9	64.6	64.6	64.8	70.1	97.6	171.5	252.2	358.4	417.8	427.4	477.3	394.8	398.3	345.4
0	90.3	88.2	85	74.4	69.8	68.9	65.8	65.3	63.8	64.7	64.9	64.2	123	64.6	64.6	64.8	70.3	98	171.7	253.1	358.2	417.6	426.8	476.5	395.1	398.2	345.4
0	90.2	88.1	85.1	74.4	69.8	68.9	65.8	65.2	63.8	64.8	64.8	64.2	123.2	64.6	64.7	64.9	70.4	98.3	172	253.8	358	417.3	426.2	475.6	395.5	398.1	345.5
0	90.3	88	85.1	74.4	69.8	69	65.8	65.2	63.9	64.8	64.8	64.2	123.3	64.6	64.7	65	70.5	98.6	172.2	254.6	357.7	416.9	425.7	474.9	395.6	397.8	345.5
0	90.2	87.8	85.1	74.3	69.8	69	65.7	65.1	63.9	64.9	64.8	64.2	123.4	64.7	64.7	65	70.7	98.9	172.4	255.4	357.4	416.5	425	474.3	395.8	397.6	345.5
0	90.1	87.7	85.1	74.3	69.8	69	65.7	65.1	63.9	64.9	64.8	64.1	123.4	64.7	64.7	65.1	70.8	99.2	172.7	256.1	357	415.9	424.4	473.8	395.8	397.3	345.5
0	90.2	87.6	85.1	74.3	69.8	69	65.7	65	64	65	64.8	64.1	123.5	64.7	64.7	65.1	71	99.6	172.9	256.9	356.7	415.1	423.9	473.4	395.8	397.2	345.4
0	90.1	87.5	85.1	74.3	69.9	69	65.7	64.9	64	65	64.8	64.1	123.5	64.7	64.6	65.1	71.1	99.9	173.1	257.5	356.5	414.3	423.5	473	396	397.1	345.4
0	90.1	87.4	85.1	74.3	69.9	69	65.6	64.9	64	65	64.8	64.1	123.5	64.8	64.6	65.2	71.2	100.2	173.3	258.1	356.4	413.8	423.1	472.9	396.2	397.1	345.5
0	90.2	87.3	85.1	74.3	69.9	69	65.6	64.8	64	65.1	64.8	64.1	123.5	64.8	64.6	65.2	71.3	100.6	173.5	258.8	356.3	413.2	422.8	472.9	396.3	397.1	345.6
0	90.1	87.2	85.1	74.2	69.9	69	65.6	64.8	64.1	65.1	64.8	64	123.5	64.9	64.6	65.3	71.5	100.9	173.7	259.4	356.3	412.7	422.4	473	396.5	397.1	345.8
0	90.2	87.1	85.1	74.2	69.9	69	65.6	64.7	64.1	65.1	64.9	64	123.5	64.9	64.6	65.4	71.6	101.3	173.8	260	356.3	412.3	422.1	473.3	396.6	397.1	346
0	90.1	87.1	85.1	74.2	69.9	69	65.5	64.7	64.1	65.1	64.9	64	123.4	64.9	64.6	65.4	71.7	101.6	174	260.5	356.2	412	421.6	473.7	396.6	397.1	346.2
0	90.1	87.1	85.1	74.2	69.9	69	65.5	64.6	64.1	65.1	64.9	64	123.4	65	64.6	65.5	71.8	101.9	174.2	261	356.1	411.5	421.3	474.3	396.5	397	346.4
0	90.2	87.1	85.1	74.2	69.9	69.1	65.4	64.6	64.2	65.1	65	64	123.4	65	64.7	65.5	71.9	102.1	174.3	261.4	356.1	411	420.9	474.9	396.4	397.1	346.7
0	90	87.1	85.1	74.1	69.9	69.1	65.3	64.6	64.2	65.1	65	64	123.4	65	64.7	65.6	72	102.4	174.5	261.8	355.9	410.5	420.5	475.6	396	397.1	347.1
0	90.1	87.1	85.1	74.1	69.9	69.1	65.3	64.6	64.2	65.1	65	64	123.4	65	64.8	65.6	72.1	102.7	174.6	262.1	355.9	410.1	420.1	476.3	395.5	397.2	347.4
0	90	87.2	85.1	74.1	70	69.1	65.2	64.6	64.2	65.1	65	64	123.4	65.1	64.8	65.7	72.2	102.9	174.8	262.4	355.7	409.7	419.9	476.8	395	397.3	347.7
0	90.1	87.2	85.2	74.1	70	69	65.2	64.5	64.3	65.1	65	64	123.3	65.1	64.8	65.7	72.4	103.2	175	262.7	355.6	409.5	419.8	477.4	394.5	397.5	347.9
0	90.1	87.3	85.2	74.1	70	69	65.1	64.5	64.3	65.1	65	64	123.3	65.1	64.8	65.7	72.5	103.4	175.2	262.8	355.3	409	419.7	477.9	394.2	397.7	348.2
0	90	87.4	85.2	74.1	70	69	65.1	64.5	64.3	65.1	65	64	123.3	65.1	64.9	65.8	72.6	103.6	175.3	262.9	355.1	408.7	419.7	478.4	394	398	348.5
0	90	87.5	85.2	74.1	70	69	65	64.5	64.4	65.1	64.9	64	123.3	65.1	65	65.8	72.7	103.7	175.5	263	354.8	408.3	419.7	478.8	393.9	398.3	348.9
0	90	87.7	85.3	74.1	70	69	64.9	64.5	64.4	65.1	64.9	64	123.2	65.1	65	65.9	72.9	103.9	175.6	263	354.4	408.1	419.9	479.2	393.8	398.6	349.2
0	90	87.8	85.3	74.1	70	69	64.8	64.6	64.4	65.1	64.8	64.1	123.3	65.2	65	66	73	104	175.7	262.9	354	407.9	419.9	479.5	393.8	398.8	349.6
0	90.2	88	85.3	74.1	70	69	64.8	64.6	64.5	65.1	64.7	64.1	123.3	65.2	65	66	73.2	104.1	175.7	262.9	353.5	407.3	420.2	479.7	393.7	399.1	350
0	90.1	88.2	85.3	74.1	70	69	64.7	64.6	64.5	65.1	64.7	64.1	123.3	65.2	65	66	73.3	104.3	175.7	262.9	353	406.4	420.4	479.9	393.7	399.4	350.4
0	90.2	88.3	85.3	74.1	70	69	64.6	64.6	64.5	65	64.6	64.1	123.3	65.2	65	66	73.5	104.4	175.7	262.8	352.7	405.7	420.7	480	393.7	399.6	350.7
0	90.3	88.5	85.4	74.1	70	69	64.6	64.7	64.5	65	64.6	64.1	123.4	65.2	65	66	73.7	104.5	175.7	262.7	352.3	405.1	421.1	480.1	393.6	399.8	350.8
0	90.3	88.6	85.4	74.1	70	69	64.5	64.7	64.5	65	64.6	64.1	123.5	65.2	65	66.1	73.9	104.6	175.6	262.7	352	404.7	421.4	480.2	393.5	400.1	351
0	90.4	88.8	85.4	74.1	70	69	64.5	64.7	64.5	65	64.6	64.1	123.5	65.3	65	66.1	74	104.7	175.5	262.7	351.8	404	421.8	480.1	393.3	400.3	351
0	90.4	89	85.4	74.1	70	69	64.4	64.7	64.5	65	64.6	64.1	123.6	65.3	65	66.1	74.2	104.7	175.4	262.7	351.3	403.1	422.2	479.9	393.1	400.5	351
0	90.5	89.1	85.4	74.1	70	68.9	64.4	64.8	64.5	65	64.6	64.1	123.7	65.3	65.1	66.1	74.4	104.8	175.4	262.7	350.9	402	422.6	479.7	393.1	400.5	350.9
0	90.6	89.3	85.4	74.1	70	68.9	64.3	64.8	64.5	65	64.6	64.1	123.7	65.3	65.1	66.1	74.5	104.9	175.3	262.7	350.5	401	422.9	479.4	393.2	400.5	350.8
0	90.6	89.5	85.4	74.1	70	68.9	64.3	64.8	64.5	65	64.6	64.2	123.8	65.3	65.1	66.1	74.7	105	175.3	262.6	350	399.8	423.1	479.2	393.3	400.6	350.7
0	90.7	89.6	85.4	74	70	68.8	64.3	64.9	64.5	65	64.6	64.2	123.8	65.3	65.1	66	74.8	105.1	175.3	262.4	349.5	398.4	423.2	479.1	393.6	400.6	350.4
0	90.7	89.8	85.4	74.1	70	68.8	64.3	64.9	64.5	65.1	64.6	64.2	123.8	65.3	65.1	66	74.9	105.1	175.2	262.3	349.2	396.8	423.2	478.9	393.7	400.8	350
0	90.8	89.9	85.4	74	70	68.8	64.3	65	64.5	65.1	64.7	64.2	123.8	65.3	65.2	66	75	105.2	175.2	261.9	348.8	395.3	423.2	478.9	393.8	400.9	349.5
0	90.8	90.1	85.4	74	70	68.7	64.3	65	64.5	65.1	64.7	64.2	123.9	65.3	65.2	66	75.1	105.3	175.1	261.6	348.4	394	423.1	478.8	393.9	401	349
0	90.8	90.2	85.4	74	70	68.7	64.3	65	64.5	65.1	64.7	64.3	123.9	65.3	65.2	66	75.2	105.4	175.1	261.1	347.9	393.1	423.1	478.8	394	401.1	348.4
0	91	90.4	85.4	74	70	68.7	64.3	65.1	64.5	65.1	64.6	64.3	124	65.3	65.2	66	75.2	105.5	175	260.7	347.5	392.4	423	478.9	394.1	401.2	347.8
0	90.9	90.5	85.4	74	70	68.6	64.3	65.1	64.5	65.1	64.6	64.3	124	65.3	65.3	66	75.3	105.5	174.9	260.2	347.1	391.9	422.9	479	394.3	401.2	347.2
0	90.9	90.6	85.4	74	70	68.6	64.3	65.2	64.5	65.1	64.6	64.3	124.1	65.3	65.3	66	75.4	105.6	174.9	259.7	346.7	391.5	422.9	479.1	394.4	401.2	346.7
0	91	90.7	85.4	74	70	68.6	64.4	65.3	64.5	65.1	64.6	64.3	124.1	65.3	65.3	66.1	75.5	105.6	174.8	259.2	346.2	391.4	422.7	479.1	394.5	401.3	346.1
0	91	90.8	85.4	74	70	68.5	64.4	65.3	64.5	65.1	64.6	64.3	124.1	65.3	65.4	66.1	75.5	105.6	174.6	258.7	345.7	391.4	422.6	479.1	394.8	401.4	345.5
0	91.1	90.8	85.4	74	70	68.4	64.4	65.4	64.5	65.1	64.6	64.3	124.1	65.3	65.4	66.1	75.6	105.6	174.5	258.3	345.1	391.5	422.5	478.9	395	401.5	344.9
0	91	90.8	85.3	74	69.9	68.3	64.4	65.5	64.5	65.1	64.6	64.3	124.1	65.3	65.4	66.2	75.7	105.6	174.4	257.9	344.7	391.7	422.4	478.9	395.2	401.6	344.3
0	91	90.7	85.3	73.9	69.9	68.2	64.4	65.5	64.5	65.1	64.6	64.4	124.1	65.3	65.4	66.2	75.7	105.5	174.2	257.5	344.4	392.1	422.2	478.7	395.3	401.7	343.7