0	111.1	106.8	99.6	87.4	76.9	78.5	76.9	74.8	75.5	73.4	75.1	71.7	71.8	72.2	73.5	76.5	80.6	87.8	96.4	140.3	203.3	258.8	340.2	375.1	495.4	382.6	305.8
0	111.1	106.9	99.6	87.3	76.9	78.5	76.9	74.8	75.5	73.4	75.1	71.8	71.7	72.3	73.5	76.6	80.5	87.4	96	140.6	203.9	258.8	340.3	375.3	495.3	382.8	305.8
0	111.1	106.9	99.6	87.3	76.9	78.6	76.9	74.8	75.5	73.4	75.1	71.8	71.7	72.4	73.5	76.6	80.5	87.1	95.6	141	204.3	258.8	340.4	375.5	495.2	383.1	305.8
0	111.1	107	99.6	87.2	76.9	78.6	76.9	74.8	75.5	73.4	75.1	71.8	71.7	72.4	73.5	76.7	80.4	86.7	95.2	141.3	204.8	258.8	340.6	375.6	495.1	383.4	305.8
0	111	107	99.6	87.1	76.9	78.6	76.9	74.8	75.5	73.4	75.1	71.8	71.7	72.5	73.6	76.7	80.4	86.4	94.9	141.8	205.1	258.9	340.9	375.7	494.8	383.7	305.8
0	111	107	99.6	87.1	76.9	78.6	76.9	74.8	75.5	73.4	75.1	71.8	71.7	72.6	73.6	76.8	80.2	86.2	94.5	142.2	205.4	258.9	341.2	375.8	494.7	384.1	305.9
0	111	107	99.7	87	76.9	78.6	76.9	74.8	75.5	73.4	75.1	71.8	71.7	72.7	73.6	76.8	80.1	85.9	94.3	142.6	205.7	258.9	341.5	375.8	494.6	384.4	306
0	111	107.1	99.7	86.9	76.9	78.6	76.9	74.8	75.4	73.4	75.1	71.8	71.7	72.7	73.7	76.9	80	85.6	94	143.1	206	259	342	375.8	494.5	384.7	306.1
0	112	107.1	99.7	86.9	76.9	78.6	76.9	74.7	75.4	73.4	75.1	71.8	71.8	72.8	73.7	76.9	79.8	85.4	93.8	143.5	206.1	259	342.4	375.9	494.4	385	306.1
0	113	107.1	99.8	86.8	76.9	78.6	76.9	74.7	75.4	73.4	75.2	71.8	71.8	72.9	73.7	76.9	79.7	85.1	93.6	143.8	206.2	259.1	343	375.8	494.5	385.3	306.1
0	111	107.1	99.8	86.7	76.9	78.6	76.9	74.7	75.4	73.4	75.2	71.8	71.8	73	73.8	77	79.5	84.9	93.5	144.3	206.2	259.1	343.6	375.8	494.7	385.5	306.2
0	111	107.1	99.8	86.7	76.9	78.6	76.9	74.7	75.4	73.4	75.2	71.8	71.8	73	73.8	77	79.3	84.8	93.5	144.6	206.3	259.2	344.1	375.8	494.9	385.7	306.3
0	111	107.1	99.8	86.6	76.9	78.6	76.9	74.6	75.4	73.4	75.2	71.8	71.8	73.1	73.8	77	79.1	84.6	93.4	145	206.3	259.4	344.8	375.8	495.2	385.9	306.3
0	111.1	107	99.9	86.6	76.9	78.7	76.9	74.6	75.4	73.4	75.2	71.8	71.8	73.2	73.8	77	78.9	84.4	93.4	145.3	206.3	259.4	345.4	375.7	495.6	386.1	306.4
0	111.1	107	99.9	86.5	76.9	78.7	76.9	74.6	75.4	73.4	75.2	71.8	71.8	73.3	73.9	77	78.7	84.2	93.4	145.7	206.3	259.5	346.1	375.6	495.9	386.2	306.6
0	112.1	107	99.9	86.5	76.9	78.7	76.9	74.6	75.4	73.4	75.2	71.8	71.9	73.3	73.9	77	78.5	84.1	93.4	146.1	206.3	259.6	346.7	375.5	496.3	386.3	306.7
0	111.1	107	99.9	86.4	76.9	78.7	76.9	74.6	75.4	73.4	75.2	71.8	71.9	73.4	73.9	77	78.3	84	93.5	146.4	206.3	259.7	347.2	375.4	496.8	386.3	306.9
0	111.1	107	99.9	86.4	76.9	78.7	76.9	74.5	75.4	73.4	75.2	71.8	71.9	73.4	73.9	77	78.1	83.9	93.5	146.7	206.2	259.9	347.4	375.3	497.4	386.3	307.2
0	111.2	107	99.9	86.4	76.9	78.7	76.9	74.5	75.4	73.4	75.3	71.8	72	73.5	73.9	77	77.9	83.7	93.5	147	206.1	260	347.6	375.2	497.9	386.3	307.4
0	111.2	107	99.9	86.4	76.9	78.7	76.9	74.5	75.4	73.4	75.3	71.9	72	73.5	73.9	77	77.7	83.6	93.6	147.2	206	260.1	347.6	375.1	498.4	386.3	307.7
0	111.2	107	99.9	86.3	76.8	78.7	76.8	74.5	75.4	73.4	75.3	71.9	72.1	73.6	73.9	77	77.6	83.5	93.7	147.4	206	260.2	347.4	375.2	498.9	386.4	308
0	111.2	107.1	99.9	86.3	76.8	78.7	76.8	74.4	75.4	73.4	75.3	71.9	72.1	73.6	74	76.9	77.5	83.4	93.9	147.6	205.9	260.3	347.3	375.3	499.2	386.4	308.3
0	111.3	107.1	99.8	86.3	76.8	78.7	76.8	74.4	75.4	73.4	75.3	71.9	72.2	73.7	74	76.9	77.3	83.4	94	147.8	205.9	260.4	347.1	375.3	499.4	386.6	308.7
0	113.3	107.2	99.8	86.3	76.8	78.7	76.8	74.4	75.4	73.4	75.3	71.9	72.2	73.7	74	76.8	77.2	83.3	94.2	147.9	205.9	260.5	346.9	375.4	499.6	386.8	309.1
0	111.3	107.2	99.7	86.3	76.8	78.7	76.8	74.4	75.4	73.4	75.3	72	72.3	73.7	74	76.8	77.1	83.2	94.5	147.9	206	260.6	346.7	375.5	499.8	386.9	309.5
0	112.4	107.3	99.7	86.3	76.8	78.7	76.8	74.4	75.4	73.4	75.3	72	72.3	73.8	74	76.7	77	83.2	94.7	148.1	206.1	260.8	346.4	375.6	499.9	387	310
0	111.3	107.4	99.6	86.3	76.7	78.7	76.7	74.3	75.4	73.4	75.3	72	72.4	73.8	74	76.6	76.9	83.1	94.9	148.2	206.2	260.8	346	375.8	499.9	387.1	310.5
0	-50.2	107.5	99.6	86.3	76.7	78.7	76.7	74.3	75.4	73.4	75.3	72.1	72.4	73.9	74	76.5	76.8	83.1	95.1	148.2	206.3	261	345.6	376	499.9	387.2	311
0	111.4	107.6	99.5	86.3	76.7	78.7	76.7	74.3	75.4	73.5	75.4	72.1	72.5	73.9	74	76.4	76.7	83.1	95.3	148.3	206.4	261	345.1	376.1	499.8	387.3	311.5
0	112.4	107.7	99.4	86.3	76.7	78.7	76.7	74.3	75.4	73.5	75.4	72.1	72.5	73.9	74	76.3	76.6	83.1	95.6	148.4	206.6	261.1	344.6	376.3	499.6	387.4	311.9
0	111.4	107.8	99.3	86.4	76.6	78.7	76.6	74.3	75.4	73.5	75.4	72.2	72.6	74	74	76.2	76.5	83.1	95.8	148.4	206.6	261.1	344	376.6	499.4	387.6	312.3
0	111.4	107.9	99.2	86.4	76.6	78.7	76.6	74.3	75.4	73.5	75.4	72.2	72.6	74	74	76.1	76.4	83.1	96	148.5	206.8	261	343.3	376.8	499.1	387.9	312.6
0	113.5	108	99.2	86.4	76.6	78.7	76.6	74.3	75.4	73.5	75.4	72.2	72.6	74	74	76	76.3	83.2	96.3	148.5	206.9	261	342.5	377	498.7	388.2	312.9
0	111.5	108.2	99.1	86.4	76.6	78.7	76.6	74.3	75.4	73.5	75.4	72.3	72.7	74.1	74	75.9	76.2	83.2	96.5	148.6	206.9	260.9	341.8	377.2	498.4	388.3	313
0	113.5	108.3	99	86.4	76.6	78.7	76.6	74.2	75.5	73.5	75.4	72.3	72.7	74.1	74	75.8	76.1	83.3	96.7	148.7	207	260.8	341	377.4	498.1	388.6	313.1
0	111.6	108.5	98.9	86.4	76.5	78.7	76.5	74.2	75.5	73.5	75.4	72.3	72.8	74.2	74	75.7	76	83.4	97	148.8	207.1	260.6	340.3	377.6	497.9	388.8	313
0	113.6	108.6	98.8	86.5	76.5	78.7	76.5	74.2	75.5	73.5	75.5	72.4	72.8	74.2	74	75.6	75.9	83.4	97.2	148.8	207.1	260.4	339.7	377.8	497.8	389	312.9
0	111.7	108.7	98.7	86.5	76.5	78.7	76.5	74.2	75.5	73.5	75.5	72.4	72.8	74.2	74	75.5	75.7	83.5	97.3	148.8	207.1	260.1	339.1	378	497.6	389.1	312.7
0	111.7	108.7	98.6	86.5	76.4	78.6	76.4	74.2	75.5	73.5	75.5	72.4	72.9	74.3	74	75.5	75.6	83.6	97.5	148.9	207.1	259.8	338.5	378.2	497.4	389.3	312.3
0	111.8	108.8	98.5	86.5	76.4	78.6	76.4	74.2	75.5	73.5	75.5	72.5	72.9	74.3	74	75.4	75.5	83.7	97.6	149	207.1	259.5	338	378.3	497.2	389.5	312
0	113.9	108.8	98.4	86.6	76.4	78.6	76.4	74.2	75.5	73.5	75.5	72.5	72.9	74.3	74	75.4	75.4	83.9	97.7	149.1	207	259.2	337.7	378.4	497.1	389.7	311.5
0	111.9	108.8	98.4	86.6	76.4	78.6	76.4	74.2	75.5	73.5	75.6	72.5	72.9	74.4	74	75.3	75.3	84	97.8	149.1	207	258.9	337.4	378.4	496.9	390	311
0	113	108.8	98.3	86.6	76.3	78.6	76.3	74.2	75.5	73.5	75.6	72.6	73	74.4	74	75.3	75.3	84.1	97.9	149.2	207	258.5	337.2	378.4	496.8	390.4	310.4
0	112	108.8	98.2	86.6	76.3	78.6	76.3	74.1	75.5	73.5	75.6	72.6	73	74.4	74	75.3	75.2	84.2	97.9	149.3	207	258.3	337.2	378.4	496.7	390.7	309.8
0	113.1	108.8	98.2	86.6	76.3	78.6	76.3	74.1	75.5	73.5	75.6	72.6	73	74.5	74	75.2	75.1	84.3	97.9	149.4	207	258	337.2	378.2	496.7	390.9	309.2
0	114.1	108.7	98.2	86.7	76.3	78.6	76.3	74.1	75.6	73.6	75.6	72.7	73	74.5	73.9	75.2	75.1	84.5	97.9	149.4	207	257.7	337.3	378.2	496.8	390.9	308.6
0	112.1	108.6	98.2	86.7	76.3	78.6	76.3	74.1	75.6	73.6	75.6	72.7	73	74.5	73.9	75.2	75.1	84.6	97.9	149.5	206.9	257.4	337.4	378	496.9	390.8	308
0	106.6	108.5	98.1	86.7	76.3	78.5	76.3	74.1	75.6	73.6	75.7	72.8	73	74.6	73.9	75.1	75	84.7	97.9	149.7	206.9	257.1	337.5	377.8	497.2	390.7	307.3
0	112.2	108.4	98.1	86.7	76.2	78.5	76.2	74.1	75.6	73.6	75.7	72.8	73	74.6	73.9	75.1	75	84.8	97.8	149.8	206.9	256.9	337.7	377.7	497.5	390.4	306.6
0	112.3	108.2	98.1	86.8	76.2	78.5	76.2	74.1	75.6	73.6	75.7	72.8	73.1	74.6	73.9	75.1	75	84.9	97.8	149.9	206.9	256.6	337.8	377.5	497.8	390	305.9
0	112.3	108	98.1	86.8	76.2	78.5	76.2	74.1	75.6	73.6	75.7	72.9	73.1	74.6	73.9	75	75	85	97.8	150	206.8	256.3	338	377.3	498.2	389.5	305.2
0	112.3	107.8	98.1	86.8	76.2	78.5	76.2	74.1	75.6	73.6	75.7	72.9	73.1	74.6	73.9	74.9	75	85.1	97.8	150.1	206.6	256.1	338.2	377.2	498.7	388.9	304.5
0	112.3	107.6	98.1	86.8	76.1	78.4	76.1	74.1	75.7	73.6	75.8	72.9	73.1	74.7	73.9	74.9	75	85.1	97.8	150.2	206.5	256	338.5	377	499.3	388.2	303.9
0	112.3	107.5	98.1	86.8	76.1	78.4	76.1	74	75.7	73.7	75.8	72.9	73.1	74.7	73.9	74.8	75	85.2	97.8	150.2	206.3	255.8	338.8	376.8	499.9	387.4	303.3
0	114.2	107.3	98.1	86.9	76.1	78.4	76.1	74	75.7	73.7	75.8	73	73.1	74.7	73.9	74.8	75	85.3	97.8	150.3	206.1	255.8	339.1	376.7	500.6	386.7	302.7
0	112.3	107.2	98.1	86.9	76.1	78.4	76.1	74	75.7	73.7	75.8	73	73.2	74.7	73.9	74.7	75.1	85.3	97.8	150.3	205.9	255.8	339.4	376.5	501.2	385.8	302.2
0	114.2	107	98.1	86.9	76.1	78.3	76.1	74	75.7	73.7	75.9	73	73.2	74.7	73.9	74.6	75.1	85.4	97.9	150.3	205.7	255.8	339.7	376.3	501.8	385	301.7
0	114.2	106.9	98.1	86.9	76	78.3	76	74	75.7	73.7	75.9	73.1	73.2	74.7	73.9	74.6	75.1	85.5	97.9	150.3	205.4	255.8	340	376.2	502.2	384.1	301.2
0	112.2	106.8	98.1	86.9	76	78.3	76	74	75.8	73.8	75.9	73.1	73.2	74.7	73.9	74.5	75.2	85.5	98	150.3	205.1	255.8	340.3	376	502.4	383.3	300.9
0	113.3	106.7	98.1	86.9	76	78.3	76	74	75.8	73.8	75.9	73.1	73.2	74.7	73.9	74.4	75.3	85.6	98.1	150.3	204.9	256.1	340.7	375.9	502.5	382.3	300.6
0	112.1	106.7	98.1	86.9	76	78.2	76	74	75.8	73.8	75.9	73.1	73.2	74.7	73.9	74.4	75.4	85.6	98.2	150.3	204.7	256.2	341	375.9	502.4	381.3	300.4
0	113.1	106.6	98.1	86.9	76	78.2	76	74	75.8	73.9	76	73.1	73.2	74.7	73.9	74.4	75.4	85.6	98.3	150.3	204.5	256.5	341.3	375.9	502.2	380.4	300.2
0	114	106.6	98.1	86.9	76	78.2	76	74	75.8	73.9	76	73.2	73.2	74.7	73.9	74.3	75.5	85.7	98.4	150.3	204.2	256.8	341.4	375.9	501.8	379.5	300.1
0	111.9	106.6	98.1	87	75.9	78.2	75.9	74	75.8	73.9	76	73.2	73.2	74.8	73.9	74.3	75.6	85.7	98.5	150.3	204	257.2	341.5	376	501.3	378.5	300.1
0	111.8	106.6	98.1	87	75.9	78.1	75.9	74	75.9	73.9	76	73.2	73.2	74.7	73.9	74.3	75.7	85.7	98.7	150.1	203.8	257.5	341.4	376.2	500.6	377.5	300.1
0	111.7	106.6	98.1	87	75.9	78.1	75.9	74	75.9	74	76.1	73.2	73.2	74.7	73.9	74.3	75.8	85.8	98.8	150	203.6	257.9	341.3	376.3	499.9	376.5	300.2
0	113.7	106.6	98.1	87	75.9	78.1	75.9	74.1	75.9	74	76.1	73.2	73.2	74.7	73.9	74.3	75.9	85.8	98.9	149.9	203.5	258.3	341.2	376.6	499	375.5	300.2
0	111.6	106.5	98.1	87	75.9	78.1	75.9	74.1	75.9	74	76.1	73.2	73.2	74.7	73.9	74.4	76	85.8	99	149.7	203.3	258.8	340.9	376.8	498	374.5	300.2
0	-51	106.5	98.2	87	75.9	78.1	75.9	74.1	75.9	74.1	76.1	73.2	73.2	74.7	73.8	74.4	76.1	85.8	99.1	149.4	203.3	259.2	340.6	377	496.9	373.6	300.3
0	111.4	106.4	98.2	87	75.8	78	75.8	74.1	76	74.1	76.1	73.2	73.2	74.7	73.8	74.4	76.2	85.9	99.2	149.2	203.3	259.7	340.3	377.1	495.6	372.7	300.4
0	111.4	106.3	98.2	87	75.8	78	75.8	74.1	76	74.1	76.1	73.3	73.2	74.6	73.8	74.4	76.2	85.9	99.3	148.9	203.2	260.2	340.1	377.3	494.3	372	300.5
0	111.3	106.2	98.2	87	75.8	78	75.8	74.1	76	74.2	76.2	73.3	73.2	74.6	73.8	74.5	76.3	85.9	99.4	148.6	203.2	260.6	339.9	377.3	493	371.5	300.6
0	112.3	106.1	98.3	87	75.8	78	75.8	74.1	76	74.2	76.2	73.3	73.2	74.6	73.8	74.5	76.3	85.9	99.5	148.3	203.2	261.1	339.8	377.4	491.6	371	300.8
0	113.2	106	98.3	87	75.8	78	75.8	74.2	76	74.2	76.2	73.3	73.2	74.6	73.8	74.5	76.4	85.9	99.6	148	203.2	261.6	339.7	377.4	490.1	370.6	301
0	111.1	105.9	98.3	87	75.8	78	75.8	74.2	76	74.3	76.2	73.3	73.2	74.5	73.8	74.6	76.5	85.9	99.7	147.7	203.2	262.1	339.7	377.3	488.5	370.3	301.3
0	111	105.8	98.4	87	75.8	77.9	75.8	74.2	76.1	74.3	76.2	73.3	73.1	74.5	73.8	74.6	76.5	86	99.8	147.3	203.2	262.5	339.7	377.1	486.9	370.1	301.7
0	110.9	105.7	98.4	87	75.8	77.9	75.8	74.2	76.1	74.3	76.2	73.3	73.1	74.5	73.8	74.6	76.6	86	99.8	147	203.3	263	339.8	376.9	485.2	369.9	302.2
0	112.1	105.7	98.4	87	75.8	77.9	75.8	74.2	76.1	74.4	76.3	73.3	73.1	74.5	73.8	74.7	76.6	86	99.9	146.7	203.3	263.5	339.9	376.7	483.5	369.8	302.7
0	110.9	105.6	98.4	87	75.8	77.9	75.8	74.2	76.1	74.4	76.3	73.2	73.1	74.6	73.8	74.7	76.7	86	100	146.4	203.5	263.9	340	376.3	481.8	369.8	303.3
0	112.8	105.6	98.4	86.9	75.9	77.9	75.9	74.2	76.2	74.4	76.3	73.3	73.1	74.6	73.8	74.8	76.7	86.1	100.1	146.1	203.8	264.3	340.2	376	480.1	369.9	303.9
0	110.8	105.6	98.4	86.9	75.9	77.9	75.9	74.2	76.2	74.5	76.3	73.3	73	74.6	73.8	74.8	76.8	86.1	100.1	145.9	204.1	264.6	340.4	375.5	478.4	370.2	304.7
0	111.9	105.6	98.4	86.9	75.9	77.9	75.9	74.2	76.2	74.5	76.3	73.2	73	74.6	73.8	74.8	76.8	86.1	100.2	145.7	204.5	265	340.8	375	476.8	370.5	305.7
0	110.7	105.6	98.4	86.9	75.9	77.9	75.9	74.2	76.2	74.5	76.3	73.2	73	74.7	73.8	74.9	76.8	86.1	100.2	145.5	204.9	265.2	341.3	374.5	475.1	370.9	306.7
0	111.7	105.7	98.5	86.9	75.9	77.9	75.9	74.2	76.3	74.6	76.3	73.2	73	74.7	73.8	74.9	76.9	86.1	100.2	145.3	205.5	265.5	342	373.7	473.5	371.2	307.8
0	110.6	105.7	98.5	86.8	75.9	77.8	75.9	74.2	76.3	74.6	76.3	73.2	73	74.7	73.8	75	76.9	86.1	100.2	145.2	206	265.6	342.7	373	472.2	371.7	309
0	111.6	105.8	98.5	86.8	75.9	77.8	75.9	74.2	76.3	74.6	76.3	73.2	72.9	74.7	73.8	75.1	77	86.1	100.2	145.1	206.6	265.7	343.6	372.3	471	372.2	310.2
0	110.5	105.9	98.5	86.8	75.9	77.8	75.9	74.2	76.3	74.7	76.3	73.2	72.9	74.7	73.8	75.1	77	86.1	100.2	145	207.2	265.8	344.5	371.5	470.1	372.6	311.3
0	110.5	105.9	98.5	86.7	76	77.8	76	74.2	76.3	74.7	76.3	73.2	72.9	74.7	73.9	75.2	77.1	86	100.1	144.9	207.8	265.9	345.4	370.7	469.4	373.1	312.5
0	111.6	106	98.5	86.7	76	77.8	76	74.3	76.3	74.7	76.3	73.2	72.9	74.7	73.9	75.3	77.1	86	100	144.9	208.4	266	346.3	369.9	468.8	373.6	313.6
0	110.5	106.1	98.5	86.6	76	77.8	76	74.2	76.3	74.8	76.3	73.2	72.9	74.7	73.9	75.3	77.2	86	99.9	144.9	209	266.2	347.2	369.1	468.3	374.2	314.6
0	111.5	106.1	98.5	86.6	76	77.8	76	74.3	76.4	74.8	76.3	73.2	72.9	74.7	73.9	75.4	77.2	86	99.7	144.9	209.6	266.4	347.9	368.4	468	374.8	315.6
0	112.5	106.1	98.5	86.5	76	77.7	76	74.3	76.4	74.8	76.3	73.2	72.8	74.7	73.9	75.5	77.3	85.9	99.5	145	210.3	266.6	348.6	367.6	467.9	375.5	316.4
0	110.5	106.2	98.5	86.5	76.1	77.7	76.1	74.3	76.4	74.8	76.3	73.2	72.8	74.7	73.9	75.5	77.3	85.9	99.3	145.1	210.9	266.9	349.1	366.7	467.9	376.3	317.1
0	112.6	106.3	98.5	86.4	76.1	77.7	76.1	74.3	76.5	74.8	76.3	73.2	72.8	74.7	74	75.6	77.3	85.9	99	145.2	211.5	267.2	349.5	365.9	468.1	377.2	317.7
0	110.5	106.3	98.5	86.4	76.1	77.7	76.1	74.3	76.5	74.8	76.3	73.2	72.8	74.7	74	75.6	77.4	85.9	98.7	145.3	212.1	267.6	349.6	365.1	468.4	378.1	318.2
0	111.6	106.4	98.5	86.3	76.1	77.7	76.1	74.3	76.5	74.9	76.3	73.2	72.8	74.7	74	75.7	77.4	85.8	98.4	145.4	212.6	267.9	349.5	364.3	468.8	379.2	318.6
0	110.6	106.5	98.4	86.3	76.1	77.7	76.1	74.3	76.5	74.9	76.3	73.1	72.9	74.7	74	75.8	77.4	85.8	98.1	145.6	213.2	268.3	349.2	363.6	469.3	380.3	319
0	110.6	106.6	98.4	86.2	76.1	77.7	76.1	74.4	76.5	74.9	76.3	73.1	72.9	74.7	74	75.8	77.4	85.8	97.7	145.8	213.7	268.8	348.7	363	469.8	381.6	319.2
0	110.7	106.6	98.4	86.2	76.1	77.7	76.1	74.4	76.6	75	76.3	73.1	72.9	74.7	74	75.9	77.4	85.7	97.3	146.1	214.2	269.2	348	362.3	470.4	382.8	319.4
0	110.7	106.7	98.3	86.1	76.1	77.7	76.1	74.4	76.6	75	76.3	73.1	72.9	74.7	74.1	75.9	77.4	85.7	96.9	146.4	214.7	269.6	347.3	361.8	471	384.2	319.5
0	112.7	106.8	98.3	86.1	76.2	77.7	76.2	74.4	76.6	75	76.3	73.1	73	74.7	74.1	76	77.4	85.6	96.6	146.7	215.3	270.1	346.4	361.4	471.8	385.7	319.6
0	110.7	106.9	98.2	86	76.2	77.7	76.2	74.5	76.6	75	76.3	73.1	73	74.7	74.1	76.1	77.4	85.6	96.2	147	215.7	270.6	345.4	361	472.7	387.1	319.8
0	69.7	107	98.2	85.9	76.2	77.7	76.2	74.5	76.7	75	76.3	73.1	73.1	74.7	74.1	76.2	77.4	85.5	95.8	147.3	216.2	271.1	344.4	360.7	473.7	388.5	319.9
0	110.8	107	98.2	85.9	76.2	77.7	76.2	74.6	76.7	75.1	76.3	73.1	73.1	74.6	74.1	76.2	77.3	85.4	95.5	147.7	216.6	271.6	343.1	360.7	475	389.7	320.1
0	111.9	107.1	98.1	85.8	76.2	77.7	76.2	74.6	76.7	75.1	76.3	73.1	73.2	74.6	74.2	76.3	77.3	85.3	95.2	148.2	217	272.1	341.8	360.7	476.3	391	320.3
0	110.7	107.1	98.1	85.8	76.2	77.7	76.2	74.6	76.7	75.1	76.3	73.1	73.3	74.6	74.2	76.3	77.3	85.1	95	148.6	217.4	272.5	340.3	360.9	477.8	392.1	320.4
0	111.8	107.2	98.1	85.7	76.2	77.8	76.2	74.6	76.8	75.1	76.3	73.1	73.3	74.6	74.2	76.4	77.3	85	94.8	149.1	217.8	272.9	338.6	361.2	479.4	393.3	320.6
0	112.8	107.2	98	85.7	76.2	77.8	76.2	74.7	76.8	75.1	76.3	73.1	73.3	74.7	74.2	76.4	77.3	84.8	94.7	149.5	218.2	273.2	336.7	361.7	481.2	394.3	320.7
0	110.8	107.2	98	85.7	76.2	77.8	76.2	74.7	76.8	75.1	76.3	73.2	73.4	74.7	74.2	76.5	77.2	84.6	94.6	150	218.7	273.4	334.8	362.2	483.2	395.3	320.8
0	110.8	107.2	97.9	85.6	76.2	77.8	76.2	74.8	76.8	75.1	76.3	73.2	73.4	74.7	74.3	76.5	77.2	84.5	94.5	150.5	219.2	273.5	332.8	362.8	485.1	396.1	321
0	110.8	107.2	97.8	85.6	76.3	77.8	76.3	74.8	76.8	75.1	76.3	73.2	73.4	74.7	74.3	76.6	77.2	84.3	94.5	150.9	219.7	273.5	330.7	363.5	487.3	396.9	321.1
0	-108.6	107.3	97.8	85.6	76.3	77.8	76.3	74.8	76.8	75.1	76.3	73.2	73.4	74.7	74.3	76.6	77.2	84.1	94.5	151.5	220.2	273.5	328.5	364.3	489.5	397.7	321.3
0	110.9	107.3	97.7	85.5	76.3	77.9	76.3	74.8	76.9	75.1	76.3	73.2	73.4	74.8	74.3	76.6	77.2	83.9	94.5	151.9	220.7	273.3	326.5	365.2	491.7	398.3	321.5
0	110.9	107.4	97.7	85.5	76.3	77.9	76.3	74.9	76.9	75.1	76.3	73.2	73.4	74.8	74.3	76.7	77.2	83.7	94.5	152.4	221.3	273.1	324.4	366.1	494.1	398.8	321.7
0	113	107.4	97.6	85.5	76.3	77.9	76.3	74.9	76.9	75.1	76.2	73.2	73.5	74.8	74.3	76.7	77.2	83.5	94.6	152.9	221.8	272.8	322.5	367.2	496.3	399.3	321.9
0	111	107.4	97.6	85.4	76.3	77.9	76.3	75	76.9	75.1	76.3	73.3	73.5	74.8	74.3	76.7	77.2	83.4	94.6	153.3	222.4	272.5	320.6	368.4	498.6	399.8	322.1
0	5.5	107.4	97.5	85.4	76.3	77.9	76.3	75	76.9	75.1	76.3	73.3	73.5	74.9	74.3	76.7	77.2	83.2	94.6	153.8	223	272.1	318.8	369.7	500.7	400.2	322.2
0	111	107.4	97.5	85.4	76.4	77.9	76.4	75	76.9	75.1	76.2	73.3	73.5	74.9	74.4	76.7	77.2	83.1	94.7	154.2	223.6	271.7	317.1	370.9	502.7	400.6	322.4
0	112	107.4	97.4	85.3	76.4	77.9	76.4	75.1	76.9	75.1	76.2	73.3	73.5	75	74.4	76.7	77.2	82.9	94.8	154.7	224.2	271.2	315.6	372.3	504.6	401.1	322.5
0	111	107.4	97.3	85.3	76.4	77.9	76.4	75.1	76.9	75.1	76.2	73.3	73.5	75	74.4	76.7	77.1	82.8	94.9	155.1	224.8	270.6	314.5	373.7	506.5	401.6	322.6
0	110.9	107.4	97.3	85.3	76.5	78	76.5	75.2	76.9	75.1	76.2	73.4	73.5	75.1	74.4	76.7	77.1	82.7	95.1	155.6	225.5	270	313.6	375.3	508.2	402.1	322.7
0	112	107.3	97.2	85.2	76.5	78	76.5	75.2	77	75.1	76.2	73.4	73.5	75.1	74.4	76.7	77	82.7	95.2	156	226.1	269.4	313.1	376.8	509.8	402.4	322.8
0	110.9	107.3	97.2	85.2	76.5	78	76.5	75.3	77	75.1	76.2	73.4	73.5	75.2	74.4	76.7	76.9	82.6	95.4	156.4	226.7	268.8	312.8	378.3	511.4	402.8	322.9
0	112.8	107.3	97.1	85.2	76.6	78	76.6	75.3	77	75	76.2	73.4	73.5	75.2	74.4	76.7	76.8	82.6	95.6	156.8	227.3	268.1	312.7	379.9	512.8	403.1	322.9
0	110.8	107.3	97	85.1	76.6	78	76.6	75.4	77	75	76.2	73.4	73.5	75.3	74.4	76.7	76.6	82.5	95.8	157.2	227.9	267.4	313.1	381.6	514.1	403.5	322.9
0	110.8	107.3	97	85.1	76.6	78	76.6	75.4	77	75	76.2	73.4	73.4	75.3	74.4	76.7	76.5	82.5	96.1	157.6	228.5	266.6	313.7	383.4	515.3	403.8	322.9
0	110.8	107.3	96.9	85	76.7	78	76.7	75.5	77	75	76.2	73.4	73.4	75.4	74.3	76.7	76.3	82.6	96.3	158.1	228.8	265.9	314.5	385.1	516.3	404	323
0	35.2	107.3	96.9	85	76.7	78	76.7	75.5	77	75	76.3	73.4	73.4	75.5	74.3	76.6	76.1	82.6	96.6	158.5	229.2	265.2	315.3	386.9	517.2	404.2	323
0	110.8	107.3	96.8	85	76.8	78.1	76.8	75.6	77	75	76.3	73.4	73.4	75.6	74.3	76.6	76	82.6	96.8	159	229.4	264.5	316.3	388.7	518.1	404.4	323.1
0	111.8	107.3	96.8	84.9	76.8	78.1	76.8	75.6	77	74.9	76.3	73.5	73.4	75.6	74.3	76.6	75.7	82.6	97.1	159.4	229.7	263.9	317.5	390.5	518.8	404.7	323.1
0	112.7	107.3	96.7	84.9	76.9	78.1	76.9	75.7	77	74.9	76.3	73.5	73.5	75.7	74.3	76.6	75.5	82.7	97.3	159.9	229.7	263.3	318.8	392.2	519.5	404.9	323.2
0	110.7	107.3	96.7	84.8	77	78.1	77	75.7	77	74.9	76.3	73.5	73.5	75.8	74.3	76.6	75.3	82.7	97.6	160.4	229.7	262.8	320.4	393.8	520.2	405.1	323.4
0	112.5	107.3	96.7	84.8	77	78.1	77	75.8	77	74.9	76.3	73.5	73.5	75.9	74.3	76.5	75.1	82.7	97.8	160.8	229.5	262.4	322.1	395.4	520.8	405.4	323.5
0	110.6	107.2	96.6	84.8	77.1	78.2	77.1	75.8	77	74.9	76.3	73.5	73.6	76	74.2	76.5	74.9	82.8	98	161.4	229.4	262.1	324	396.9	521.4	405.6	323.7
0	110.5	107.1	96.6	84.7	77.1	78.2	77.1	75.8	77	74.9	76.3	73.4	73.6	76.1	74.2	76.5	74.8	82.8	98.2	161.9	229.1	262.1	326.2	398.3	521.9	405.9	323.8
0	110.5	106.9	96.6	84.7	77.2	78.2	77.2	75.9	76.9	74.9	76.3	73.4	73.7	76.1	74.2	76.5	74.6	82.9	98.4	162.3	228.8	262.1	328.5	399.6	522.4	406.3	324
0	110.5	106.8	96.5	84.7	77.2	78.3	77.2	75.9	76.9	74.9	76.3	73.4	73.7	76.3	74.2	76.4	74.4	83	98.6	162.9	228.4	262.4	331.1	400.9	522.8	406.7	324.3
0	110.4	106.6	96.5	84.6	77.3	78.3	77.3	75.9	76.9	74.9	76.3	73.4	73.7	76.3	74.1	76.4	74.2	83	98.8	163.4	228	262.9	333.6	402	523.2	407.1	324.5
0	110.4	106.5	96.4	84.6	77.3	78.3	77.3	76	76.9	74.9	76.3	73.4	73.8	76.4	74.1	76.3	74.1	83.1	99	163.8	227.4	263.5	336.1	403.1	523.3	407.4	324.9
0	111.4	106.3	96.3	84.6	77.4	78.4	77.4	76	76.9	74.9	76.3	73.4	73.8	76.4	74.1	76.3	73.9	83.2	99.1	164.3	226.8	264.4	338.7	404	523.5	407.8	325.1
0	111.4	106.1	96.3	84.6	77.4	78.4	77.4	76	76.9	74.9	76.3	73.4	73.9	76.5	74	76.1	73.8	83.2	99.3	164.7	226.1	265.4	341.3	404.9	523.7	408.1	325.4
0	110.2	106	96.2	84.5	77.5	78.5	77.5	76	76.9	74.9	76.3	73.4	73.9	76.6	74	76	73.7	83.3	99.4	165.1	225.4	266.5	344	405.6	523.8	408.5	325.7
0	111.3	105.9	96.1	84.5	77.5	78.5	77.5	76.1	76.9	74.9	76.2	73.4	73.9	76.7	74	75.9	73.7	83.4	99.5	165.4	224.5	267.7	346.7	406.4	524	408.8	326
0	110.1	105.8	96.1	84.5	77.6	78.6	77.6	76.1	76.9	74.9	76.3	73.4	73.9	76.7	73.9	75.7	73.6	83.5	99.7	165.7	223.7	269	349.6	406.9	524.1	409.1	326.1
0	112	105.7	96	84.5	77.7	78.6	77.7	76.1	76.9	74.9	76.2	73.4	74	76.8	73.9	75.5	73.6	83.6	99.8	166	222.8	270.3	352.5	407.5	524.2	409.4	326.2
0	110	105.6	96	84.5	77.7	78.7	77.7	76.1	76.9	74.9	76.2	73.4	74	76.8	73.9	75.3	73.6	83.7	100	166.2	222.1	271.7	355.6	408.1	524.5	409.7	326.4
0	111.8	105.5	95.9	84.5	77.8	78.7	77.8	76.1	76.9	74.9	76.2	73.4	74	76.9	73.8	75.1	73.6	83.8	100.2	166.3	221.5	273.2	358.7	408.6	524.7	410	326.4
0	111.8	105.5	95.8	84.5	77.8	78.7	77.8	76.1	76.9	75	76.2	73.4	74.1	76.9	73.8	74.9	73.6	83.8	100.3	166.4	220.9	274.8	361.7	409.1	524.9	410.4	326.5
0	109.7	105.5	95.7	84.5	77.9	78.8	77.9	76.1	76.9	75	76.2	73.4	74.1	77	73.8	74.7	73.6	83.9	100.5	166.4	220.4	276.3	364.6	409.5	525.1	410.8	326.5
0	83.2	105.4	95.7	84.5	77.9	78.8	77.9	76.1	76.9	75	76.2	73.4	74.1	77	73.7	74.5	73.6	84	100.7	166.3	220	277.9	367.4	409.9	525.3	411.2	326.5
0	109.5	105.4	95.6	84.5	78	78.9	78	76.1	76.9	75	76.2	73.3	74.2	77	73.7	74.4	73.6	84.1	101	166.2	219.7	279.6	370	410.2	525.6	411.5	326.6
0	109.4	105.4	95.5	84.5	78	78.9	78	76.1	76.9	75	76.2	73.3	74.2	77	73.6	74.2	73.6	84.2	101.2	166.1	219.6	281.3	372.5	410.5	525.8	411.8	326.7
0	109.3	105.4	95.4	84.5	78	79	78	76.1	76.9	75	76.2	73.3	74.3	77	73.6	74.1	73.6	84.2	101.5	165.9	219.6	283.1	375	410.8	526.1	412.1	326.7
0	110.3	105.4	95.3	84.5	78.1	79	78.1	76.1	76.9	75	76.2	73.3	74.3	77	73.5	73.9	73.6	84.3	101.7	165.6	219.8	285	377.4	411	526.3	412.3	326.7
0	109.2	105.4	95.3	84.5	78.1	79.1	78.1	76.1	76.9	75	76.1	73.3	74.3	76.9	73.5	73.8	73.6	84.4	102	165.3	220	286.9	379.9	411.3	526.5	412.5	326.7
0	109.1	105.4	95.2	84.6	78.1	79.2	78.1	76.1	76.9	75.1	76.1	73.3	74.3	76.9	73.4	73.7	73.6	84.4	102.3	165	220.4	288.8	382.2	411.5	526.7	412.7	326.7
0	109	105.4	95.1	84.5	78.2	79.2	78.2	76.1	76.9	75.1	76.1	73.3	74.3	76.9	73.4	73.5	73.6	84.5	102.6	164.7	221	290.7	384.4	411.8	526.9	413	326.7
0	109	105.4	95	84.6	78.2	79.3	78.2	76.1	76.9	75.1	76.1	73.3	74.3	76.9	73.3	73.5	73.7	84.6	102.9	164.3	221.6	292.7	386.6	412	527	413.2	326.7
0	110.3	105.4	95	84.6	78.2	79.3	78.2	76	76.9	75.1	76.1	73.3	74.4	76.8	73.2	73.4	73.7	84.6	103.2	163.9	222.5	294.7	388.6	412.3	527.2	413.5	326.8
0	108.9	105.3	94.9	84.6	78.2	79.4	78.2	76	76.9	75.1	76.1	73.3	74.4	76.8	73.2	73.4	73.7	84.7	103.5	163.5	223.4	296.8	390.5	412.5	527.4	413.6	326.8
0	108.8	105.3	94.8	84.6	78.2	79.4	78.2	76	76.9	75	76.1	73.3	74.4	76.8	73.1	73.3	73.7	84.7	103.8	163.1	224.5	298.7	392	412.7	527.7	413.6	326.8
0	108.8	105.2	94.8	84.6	78.3	79.5	78.3	76	76.9	75.1	76.1	73.3	74.4	76.8	73	73.3	73.7	84.8	104.1	162.7	225.7	300.7	393.5	412.9	527.9	413.7	326.9
0	108.8	105.2	94.7	84.6	78.3	79.6	78.3	76	76.9	75	76	73.3	74.5	76.7	72.9	73.3	73.7	84.9	104.4	162.3	227	302.6	394.9	413.1	528.2	413.6	326.8
0	108.7	105.2	94.6	84.6	78.3	79.6	78.3	76	76.9	75	76	73.3	74.5	76.7	72.9	73.3	73.7	84.9	104.7	162	228.4	304.6	396.2	413.3	528.5	413.5	326.7
0	108.7	105.1	94.6	84.6	78.3	79.7	78.3	76	76.9	75	76	73.2	74.5	76.7	72.8	73.3	73.7	85	104.9	161.7	229.9	306.6	397.4	413.4	528.9	413.5	326.7
0	109.8	105.1	94.5	84.6	78.3	79.7	78.3	76	76.9	75	76	73.2	74.5	76.7	72.7	73.3	73.7	85.1	105.1	161.4	231.4	308.5	398.5	413.6	529.2	413.4	326.5
0	108.6	105	94.5	84.6	78.3	79.8	78.3	75.9	76.9	75	76	73.2	74.6	76.7	72.6	73.2	73.7	85.2	105.3	161.2	232.9	310.3	399.6	413.8	529.6	413.3	326.3
0	109.6	105	94.4	84.7	78.3	79.8	78.3	75.9	76.9	75	76	73.2	74.6	76.7	72.6	73.2	73.8	85.2	105.4	161.1	234.6	311.9	400.7	414	530	413.1	326.1
0	108.4	104.9	94.4	84.7	78.3	79.9	78.3	75.9	76.9	75	76	73.2	74.6	76.7	72.5	73.2	73.8	85.3	105.4	161	236.2	313.6	401.7	414.2	530.5	412.8	325.8
0	108.4	104.8	94.4	84.7	78.3	80	78.3	75.9	76.9	74.9	76	73.2	74.6	76.7	72.4	73.2	73.8	85.4	105.4	161.1	237.9	315.2	402.8	414.5	530.8	412.5	325.5
0	108.3	104.6	94.4	84.7	78.3	80	78.3	75.9	76.9	74.9	76	73.2	74.5	76.7	72.4	73.2	73.8	85.5	105.4	161.3	239.8	316.9	403.9	414.7	530.9	412.3	325.1
0	108.2	104.5	94.4	84.8	78.3	80	78.3	75.9	76.9	74.9	76	73.2	74.5	76.7	72.3	73.2	73.8	85.6	105.4	161.6	241.4	318.3	404.9	414.9	531	412.1	324.7
0	108.1	104.3	94.5	84.8	78.3	80.1	78.3	75.9	76.9	74.9	75.9	73.2	74.5	76.7	72.3	73.2	73.8	85.7	105.3	162	243.1	319.7	405.9	415.1	531	412	324.4
0	108.1	104	94.5	84.9	78.3	80.2	78.3	75.9	76.9	74.9	75.9	73.2	74.4	76.7	72.3	73.2	73.8	85.8	105.2	162.5	244.8	321.1	406.8	415.3	530.8	411.8	324.2
0	108	103.8	94.5	84.9	78.3	80.2	78.3	75.9	76.9	74.8	75.9	73.2	74.4	76.7	72.2	73.2	73.8	85.9	105.1	163.2	246.5	322.3	407.6	415.4	530.6	411.8	323.9
0	108	103.6	94.6	85	78.3	80.2	78.3	75.9	76.9	74.8	75.9	73.2	74.3	76.6	72.2	73.2	73.8	85.9	105	163.8	248.2	323.5	408.4	415.7	530.4	411.7	323.7
0	109.9	103.3	94.6	85	78.3	80.3	78.3	75.9	76.9	74.8	75.9	73.2	74.2	76.5	72.2	73.2	73.8	86	104.8	164.7	249.9	324.6	409.2	415.8	530.2	411.5	323.4
0	107.8	103.1	94.6	85.1	78.3	80.3	78.3	75.9	76.9	74.8	75.9	73.2	74.2	76.5	72.2	73.2	73.8	86.1	104.6	165.6	251.9	325.7	410	415.9	530	411.4	323.2
0	109.7	102.9	94.7	85.2	78.2	80.3	78.2	75.9	76.9	74.8	75.9	73.2	74.1	76.3	72.1	73.2	73.8	86.2	104.4	166.6	253.7	326.7	410.8	416.1	529.9	411.2	323.1
0	107.6	102.7	94.7	85.2	78.2	80.4	78.2	75.9	76.9	74.8	75.9	73.2	74	76.2	72.1	73.2	73.8	86.3	104.1	167.7	255.5	327.7	411.3	416.3	529.8	410.9	322.9
0	107.5	102.5	94.7	85.3	78.2	80.4	78.2	75.9	76.9	74.8	75.9	73.2	74	76.1	72.1	73.2	73.9	86.4	103.8	168.8	257.3	328.6	411.9	416.4	529.8	410.5	322.6
0	109.5	102.4	94.7	85.3	78.2	80.4	78.2	75.9	76.8	74.8	75.9	73.2	73.9	75.9	72.1	73.2	73.9	86.4	103.6	169.9	259.1	329.5	412.3	416.5	529.8	410	322.4
0	107.3	102.3	94.8	85.4	78.2	80.4	78.2	75.9	76.8	74.7	75.9	73.2	73.8	75.6	72.1	73.1	73.9	86.5	103.4	171.1	260.9	330.4	412.8	416.6	529.9	409.4	322.1
0	108.3	102.2	94.8	85.5	78.2	80.5	78.2	76	76.8	74.7	75.9	73.2	73.8	75.4	72.1	73.1	73.9	86.6	103.2	172.3	262.7	331.3	413.1	416.7	530.1	408.9	321.8
0	107.1	102.2	94.8	85.6	78.2	80.5	78.2	76	76.8	74.7	75.9	73.2	73.7	75.2	72.1	73.1	73.9	86.7	103.1	173.6	264.4	332.1	413.5	416.8	530.3	408.2	321.4
0	109	102.2	94.9	85.7	78.2	80.5	78.2	76	76.8	74.7	75.9	73.2	73.7	74.9	72.1	73.1	73.9	86.7	103	174.8	266	333	413.9	416.8	530.5	407.5	321.1
0	106.8	102.2	94.9	85.7	78.2	80.5	78.2	76	76.8	74.7	75.9	73.1	73.7	74.7	72.1	73.1	73.9	86.8	103	176.1	267.7	333.8	414.2	416.9	530.8	406.9	320.6
0	106.7	102.3	94.9	85.8	78.2	80.5	78.2	76	76.8	74.7	75.9	73.1	73.7	74.5	72.1	73.1	73.9	86.9	103	177.5	269.3	334.6	414.6	416.9	531	406.3	320.2
0	106.6	102.3	94.9	85.9	78.2	80.5	78.2	76.1	76.8	74.6	75.8	73.1	73.7	74.3	72.1	73.1	73.9	86.9	103	178.8	270.9	335.4	415	416.9	531.1	405.7	319.8
0	106.5	102.4	95	86	78.2	80.5	78.2	76.1	76.8	74.6	75.8	73.1	73.7	74.1	72.1	73.1	73.9	87	103.1	180.1	272.4	336.1	415.5	416.9	531	405.2	319.3
0	106.4	102.4	95	86.1	78.2	80.5	78.2	76.1	76.7	74.6	75.8	73.1	73.8	73.9	72.1	73.1	73.9	87	103.2	181.5	273.9	336.8	416	417	530.8	404.8	318.9
0	106.3	102.5	95	86.2	78.2	80.5	78.2	76.1	76.7	74.6	75.8	73	73.8	73.7	72.1	73.1	73.9	87.1	103.3	182.8	275.3	337.5	416.4	416.9	530.4	404.4	318.5
0	108.2	102.5	95.1	86.3	78.2	80.5	78.2	76.1	76.7	74.6	75.8	73	73.8	73.5	72.1	73.1	73.9	87.1	103.5	184.3	276.7	338	416.8	416.9	529.9	404.1	318.1
0	106.2	102.5	95.1	86.4	78.2	80.5	78.2	76.2	76.7	74.6	75.8	73	73.8	73.4	72.1	73.1	73.9	87.2	103.7	185.6	278	338.5	417.1	417	529.3	403.9	317.8
0	108	102.5	95.1	86.5	78.2	80.5	78.2	76.2	76.7	74.5	75.8	73	73.7	73.3	72.1	73.1	74	87.2	104	187	279.2	339	417.4	417	528.7	403.6	317.7
0	108.1	102.5	95.2	86.6	78.2	80.5	78.2	76.2	76.7	74.5	75.8	72.9	73.7	73.3	72.1	73.1	74	87.3	104.3	188.5	280.6	339.5	417.8	417.1	527.9	403.1	317.5
0	106	102.5	95.2	86.7	78.3	80.5	78.3	76.2	76.6	74.5	75.8	72.9	73.7	73.2	72.1	73.1	74	87.3	104.6	189.7	281.6	339.8	418.1	417.2	527.4	402.7	317.5
0	105.9	102.5	95.2	86.8	78.3	80.5	78.3	76.2	76.6	74.5	75.8	72.9	73.6	73.2	72.1	73.1	74	87.4	105	191.1	282.6	340.2	418.6	417.3	526.9	402	317.7
0	105.9	102.5	95.3	86.9	78.3	80.5	78.3	76.2	76.6	74.5	75.8	72.9	73.6	73.2	72.1	73.1	74	87.5	105.4	192.4	283.7	340.5	419.1	417.3	526.4	401.3	317.8
0	105.9	102.4	95.3	87	78.3	80.5	78.3	76.2	76.6	74.5	75.8	72.9	73.5	73.1	72	73.1	74.1	87.6	105.8	193.8	284.8	340.8	419.7	417.3	525.9	400.5	318.1
0	105.8	102.4	95.4	87.1	78.3	80.5	78.3	76.2	76.6	74.5	75.8	72.9	73.4	73.1	72	73.1	74.1	87.7	106.2	195.2	285.8	341	420.1	417.4	525.5	399.8	318.5
0	107.8	102.3	95.4	87.3	78.3	80.4	78.3	76.2	76.6	74.5	75.8	72.8	73.4	73.1	72	73.2	74.1	87.8	106.7	196.5	286.9	341.3	420.6	417.4	525.1	399.1	318.9
0	105.7	102.2	95.5	87.4	78.4	80.4	78.4	76.2	76.6	74.5	75.8	72.8	73.3	73.1	72	73.2	74.1	87.9	107.1	197.9	287.9	341.5	420.9	417.3	524.7	398.3	319.3
0	14.5	102.1	95.5	87.5	78.4	80.4	78.4	76.2	76.5	74.5	75.8	72.8	73.2	73.1	72	73.2	74.2	88.1	107.6	199.3	288.9	341.7	421.4	417.3	524.4	397.8	319.7
0	105.6	102	95.6	87.6	78.4	80.4	78.4	76.2	76.5	74.4	75.8	72.8	73.2	73.1	72	73.2	74.2	88.2	108.1	200.6	289.7	341.9	421.9	417.2	524	397.3	320.1
0	105.6	102	95.6	87.7	78.5	80.4	78.5	76.1	76.5	74.4	75.8	72.8	73.2	73.1	72	73.2	74.2	88.4	108.7	201.8	290.6	342.1	422.2	417	523.7	396.9	320.4
0	105.6	101.9	95.7	87.8	78.5	80.4	78.5	76.1	76.5	74.4	75.8	72.8	73.1	73.1	72	73.2	74.2	88.5	109.3	203	291.4	342.4	422.4	416.8	523.3	396.5	320.7
0	106.6	101.8	95.8	87.8	78.5	80.4	78.5	76.1	76.5	74.4	75.7	72.8	73.1	73.1	72	73.2	74.2	88.7	109.8	204.2	292.2	342.7	422.4	416.6	522.9	396.3	320.9
0	106.7	101.7	95.9	87.9	78.6	80.4	78.6	76.1	76.5	74.4	75.7	72.8	73.1	73.1	72	73.2	74.3	88.9	110.5	205.5	293.2	342.9	422.5	416.4	522.3	396.2	321
0	105.6	101.6	96	88	78.6	80.4	78.6	76	76.5	74.4	75.7	72.8	73	73.1	72	73.2	74.3	89	111.1	206.6	294.1	343.2	422.6	416.2	521.7	396.3	321
0	106.6	101.6	96.1	88.1	78.6	80.4	78.6	76	76.5	74.4	75.7	72.8	73	73.1	72	73.2	74.3	89.2	111.8	207.8	295	343.6	422.6	416	521	396.5	320.9
0	105.6	101.5	96.2	88.2	78.6	80.4	78.6	76	76.4	74.4	75.7	72.7	72.9	73.1	72	73.2	74.3	89.4	112.4	209	295.7	343.8	422.8	415.8	520.4	397.1	320.7
0	105.6	101.5	96.3	88.2	78.6	80.4	78.6	76	76.4	74.4	75.7	72.7	72.9	73.1	72	73.2	74.4	89.5	113.1	210.1	296.5	344.1	423	415.5	519.8	397.6	320.6
0	107.7	101.4	96.4	88.3	78.6	80.4	78.6	75.9	76.4	74.4	75.7	72.7	72.9	73.1	72	73.2	74.4	89.7	113.8	211.1	297	344.4	423.2	415.4	519.1	398.3	320.3
0	105.7	101.4	96.6	88.3	78.6	80.4	78.6	75.9	76.4	74.4	75.7	72.8	72.9	73.1	72	73.2	74.4	89.9	114.6	212.3	297.6	344.7	423.4	415.1	518.6	399	320
0	72	101.4	96.7	88.4	78.6	80.5	78.6	75.9	76.4	74.4	75.7	72.8	72.8	73.1	72	73.2	74.5	90	115.3	213.3	298	345	423.7	414.9	518.1	399.7	319.6
0	105.7	101.4	96.8	88.4	78.6	80.5	78.6	75.9	76.4	74.4	75.7	72.7	72.8	73	72	73.2	74.5	90.2	116.1	214.4	298.4	345.3	423.9	414.7	517.7	400.3	319.2
0	79.1	101.4	97	88.5	78.6	80.5	78.6	75.8	76.4	74.4	75.6	72.8	72.8	73	72	73.2	74.5	90.4	116.8	215.4	298.7	345.5	424	414.5	517.4	401	318.8
0	105.7	101.4	97.1	88.5	78.6	80.5	78.6	75.8	76.4	74.3	75.6	72.8	72.8	73	72	73.2	74.6	90.6	117.6	216.4	299	345.8	424.2	414.3	517.2	401.6	318.5
0	107.6	101.3	97.3	88.5	78.6	80.5	78.6	75.8	76.4	74.3	75.6	72.8	72.8	73	72	73.2	74.6	90.8	118.4	217.4	299.2	346	424.3	414	517.3	402.2	318.1
0	107.7	101.4	97.4	88.6	78.6	80.6	78.6	75.8	76.3	74.3	75.6	72.8	72.8	73	72	73.2	74.7	91	119.2	218.4	299.4	346.1	424.4	413.8	517.5	402.7	317.8
0	105.7	101.4	97.5	88.6	78.6	80.6	78.6	75.7	76.3	74.3	75.6	72.7	72.8	73	72	73.2	74.7	91.2	120	219.3	299.6	346.4	424.5	413.4	517.9	403.1	317.5
0	107.8	101.4	97.7	88.6	78.6	80.6	78.6	75.7	76.3	74.3	75.6	72.7	72.9	73	72	73.2	74.8	91.4	120.7	220.2	299.9	346.5	424.3	413.1	518.4	403.2	317.3
0	105.8	101.5	97.9	88.6	78.5	80.7	78.5	75.7	76.3	74.3	75.6	72.7	72.9	72.9	72	73.2	74.8	91.6	121.5	221.1	300.1	346.7	423.9	412.8	519.2	403.4	317
0	107.8	101.6	98	88.6	78.5	80.7	78.5	75.7	76.3	74.3	75.6	72.7	72.9	72.9	72	73.2	74.8	91.8	122.2	222	300.4	346.9	423.4	412.5	520.1	403.4	316.8
0	105.8	101.6	98.1	88.6	78.5	80.7	78.5	75.6	76.3	74.3	75.6	72.7	72.9	72.9	72	73.3	74.8	92	123	222.8	300.6	347	422.9	412.3	521.1	403.4	316.6
0	105.8	101.7	98.2	88.6	78.5	80.7	78.5	75.6	76.3	74.3	75.6	72.7	72.9	72.9	72	73.3	74.9	92.2	123.8	223.7	300.8	347.2	422.4	412	522.2	403.4	316.5
0	105.9	101.8	98.4	88.6	78.4	80.7	78.4	75.6	76.3	74.2	75.6	72.7	72.9	72.9	72	73.3	74.9	92.5	124.6	224.4	301.1	347.3	422.2	411.8	523.3	403.3	316.4
0	106.9	101.9	98.5	88.6	78.4	80.8	78.4	75.6	76.3	74.2	75.6	72.7	73	72.8	72	73.3	75	92.7	125.4	225.1	301.3	347.4	422.1	411.5	524.5	403.1	316.4
0	108	102.1	98.6	88.6	78.4	80.8	78.4	75.5	76.3	74.2	75.6	72.7	73	72.8	72	73.3	75	93	126.1	225.8	301.5	347.5	422	411.3	525.6	402.9	316.4
0	105.9	102.3	98.7	88.6	78.3	80.8	78.3	75.5	76.3	74.2	75.6	72.7	73	72.8	72	73.3	75.1	93.2	126.8	226.4	301.7	347.7	422	411.1	526.7	402.7	316.5
0	42.5	102.5	98.8	88.6	78.3	80.8	78.3	75.5	76.3	74.2	75.6	72.7	73	72.8	72	73.4	75.1	93.4	127.6	226.9	302	347.9	422.1	411	527.7	402.4	316.6
0	106	102.7	98.9	88.5	78.3	80.8	78.3	75.5	76.3	74.2	75.6	72.7	73	72.7	72	73.4	75.2	93.7	128.2	227.3	302.3	348	422.2	411	528.6	402.1	316.8
0	106	102.8	99	88.5	78.2	80.8	78.2	75.5	76.3	74.2	75.5	72.7	73	72.7	72	73.4	75.2	93.9	128.9	227.7	302.7	348.2	422.2	411.2	529.6	401.7	317
0	106.1	103	99.1	88.5	78.2	80.8	78.2	75.5	76.3	74.2	75.5	72.7	73	72.7	72	73.4	75.3	94.1	129.6	228.1	303.1	348.3	422.1	411.3	530.3	401.3	317.2
0	107.2	103.2	99.2	88.5	78.2	80.8	78.2	75.4	76.3	74.2	75.5	72.7	72.9	72.7	72.1	73.4	75.4	94.4	130.3	228.4	303.6	348.4	422	411.5	530.8	400.9	317.4
0	108.2	103.4	99.3	88.4	78.1	80.8	78.1	75.4	76.3	74.1	75.5	72.6	72.9	72.6	72.1	73.5	75.5	94.6	131	228.7	304.1	348.5	422	411.9	531.1	400.5	317.5
0	106.2	103.5	99.4	88.4	78.1	80.8	78.1	75.4	76.2	74.1	75.5	72.6	72.9	72.6	72.1	73.5	75.5	94.8	131.7	228.9	304.5	348.7	421.9	412.3	531.3	400.3	317.7
0	108.3	103.7	99.4	88.4	78.1	80.8	78.1	75.4	76.2	74.1	75.5	72.6	72.8	72.6	72.1	73.5	75.6	95	132.4	229.1	305	348.7	421.6	412.8	531.3	400	317.8
0	106.4	103.9	99.5	88.4	78.1	80.8	78.1	75.4	76.2	74.1	75.5	72.6	72.8	72.6	72.1	73.5	75.7	95.3	133.2	229.4	305.5	348.7	421.2	413.4	531.2	399.8	317.9
0	107.6	104.1	99.5	88.4	78	80.7	78	75.4	76.2	74.1	75.5	72.6	72.8	72.6	72.1	73.5	75.7	95.5	133.9	229.6	305.9	348.7	420.8	414	531	399.6	318
0	106.6	104.3	99.5	88.3	78	80.7	78	75.4	76.2	74.1	75.5	72.6	72.7	72.6	72.1	73.5	75.8	95.7	134.8	229.8	306.3	348.7	420.4	414.7	530.7	399.4	318.1
0	107.8	104.6	99.6	88.3	78	80.7	78	75.4	76.2	74.1	75.5	72.6	72.7	72.6	72.1	73.5	75.8	96	135.5	230.1	306.8	348.7	420.2	415.2	530.3	399.3	318.3
0	109.1	104.8	99.6	88.3	78	80.6	78	75.4	76.2	74.1	75.5	72.6	72.7	72.6	72.1	73.6	75.9	96.2	136.4	230.4	307.2	348.7	420.1	415.8	529.9	399.1	318.3
0	108.1	105	99.6	88.3	78	80.6	78	75.4	76.2	74.1	75.5	72.6	72.7	72.6	72.1	73.6	75.9	96.4	137.2	230.8	307.7	348.7	420	416.4	529.3	399.1	318.5
0	109.2	105.3	99.6	88.2	78	80.6	78	75.4	76.2	74.1	75.4	72.6	72.7	72.5	72.1	73.6	75.9	96.7	138	231.2	308.2	348.7	419.9	416.8	528.6	399.1	318.6
0	107.3	105.6	99.6	88.2	78	80.5	78	75.4	76.2	74.1	75.4	72.6	72.7	72.5	72.1	73.6	76	97	138.8	231.6	308.7	348.8	419.9	417.2	527.9	399.3	318.8
0	107.5	105.8	99.6	88.2	77.9	80.5	77.9	75.4	76.2	74.1	75.4	72.5	72.7	72.5	72.1	73.6	76	97.2	139.5	231.9	309.1	348.9	419.8	417.6	527.2	399.4	319
0	107.6	106.1	99.5	88.2	77.9	80.4	77.9	75.3	76.2	74.1	75.4	72.5	72.6	72.5	72.1	73.6	76	97.5	140.2	232.4	309.5	349	419.6	417.9	526.5	399.6	319.3
0	109.7	106.4	99.5	88.2	77.9	80.4	77.9	75.3	76.1	74.1	75.4	72.5	72.6	72.5	72.1	73.7	76.1	97.8	140.8	232.7	310	349.1	419.6	418.1	525.7	399.7	319.5
0	107.9	106.7	99.5	88.2	77.9	80.4	77.9	75.3	76.1	74.1	75.4	72.5	72.6	72.5	72.2	73.7	76.1	98.1	141.3	233.2	310.3	349.3	419.8	418.4	525.1	399.8	319.8
0	110	106.9	99.4	88.3	77.9	80.3	77.9	75.3	76.1	74.1	75.4	72.5	72.6	72.5	72.2	73.7	76.1	98.4	141.8	233.6	310.7	349.5	420	418.6	524.5	400	320.1
0	108.1	107.1	99.4	88.3	77.9	80.3	77.9	75.3	76.1	74	75.4	72.5	72.6	72.5	72.2	73.7	76.1	98.7	142.2	234.1	311.1	349.7	420.3	418.7	524	400.1	320.5
0	110.3	107.3	99.3	88.3	77.9	80.2	77.9	75.3	76.1	74	75.4	72.5	72.6	72.5	72.2	73.7	76.1	99	142.6	234.6	311.5	349.8	420.6	418.8	523.4	400.2	320.8
0	108.5	107.5	99.3	88.3	77.9	80.2	77.9	75.3	76.1	74.1	75.4	72.5	72.6	72.5	72.2	73.7	76.2	99.4	143	235	311.9	350	421.1	418.8	523.1	400.3	321.1
0	108.7	107.6	99.2	88.3	77.8	80.1	77.8	75.3	76.1	74	75.3	72.5	72.6	72.5	72.2	73.8	76.2	99.7	143.3	235.4	312.2	350.2	421.9	418.6	522.8	400.5	321.4
0	110	107.8	99.1	88.4	77.8	80.1	77.8	75.3	76.1	74.1	75.3	72.4	72.6	72.5	72.2	73.8	76.2	100	143.6	235.9	312.5	350.3	422.8	418.5	522.6	400.6	321.6
0	109	107.9	99.1	88.4	77.8	80	77.8	75.3	76.1	74.1	75.3	72.4	72.5	72.5	72.2	73.8	76.3	100.4	144	236.2	312.7	350.4	423.8	418.3	522.5	400.8	321.9
0	-11.8	108	99	88.4	77.8	80	77.8	75.3	76.1	74.1	75.3	72.4	72.6	72.5	72.2	73.8	76.3	100.7	144.3	236.6	312.8	350.6	424.8	418	522.4	401	322.2
0	109.4	108.1	98.9	88.4	77.9	80	77.9	75.3	76.1	74.1	75.3	72.4	72.6	72.5	72.2	73.8	76.3	101	144.6	237	312.8	350.7	425.8	417.7	522.4	401.5	322.5
0	110.6	108.2	98.8	88.5	77.9	79.9	77.9	75.3	76	74.1	75.3	72.4	72.6	72.5	72.2	73.8	76.3	101.3	144.8	237.4	312.9	350.8	426.7	417.4	522.4	402	322.8
0	109.7	108.2	98.8	88.5	77.9	79.9	77.9	75.3	76	74.1	75.3	72.4	72.5	72.5	72.2	73.8	76.3	101.6	145.1	237.8	313	350.9	427.6	417.1	522.4	402.5	323
0	110.9	108.3	98.7	88.6	77.9	79.9	77.9	75.3	76	74.1	75.3	72.4	72.5	72.4	72.2	73.8	76.4	101.9	145.4	238.2	313.2	351	428.5	416.8	522.2	403.1	323.3
0	110.1	108.4	98.6	88.6	77.9	79.8	77.9	75.3	76	74.1	75.2	72.4	72.5	72.4	72.2	73.8	76.4	102.3	145.6	238.6	313.4	351.1	429.3	416.6	522.1	403.8	323.4
0	111.3	108.4	98.5	88.7	77.9	79.8	77.9	75.2	76	74.1	75.2	72.4	72.5	72.4	72.2	73.8	76.5	102.5	145.9	239	313.7	351.3	430.2	416.4	521.9	404.4	323.7
0	110.3	108.4	98.5	88.7	77.9	79.8	77.9	75.2	76	74.1	75.2	72.3	72.5	72.5	72.2	73.8	76.6	102.8	146.1	239.5	313.8	351.4	430.9	416.1	521.7	405.1	323.9
0	110.4	108.5	98.4	88.7	77.9	79.7	77.9	75.2	76	74.1	75.2	72.3	72.5	72.5	72.2	73.8	76.6	103.1	146.4	239.9	314	351.6	431.7	415.9	521.5	405.9	323.9
0	111.6	108.5	98.3	88.8	77.9	79.7	77.9	75.2	76	74.1	75.2	72.3	72.5	72.5	72.2	73.8	76.7	103.3	146.7	240.4	314.3	351.9	432.5	415.7	521.4	406.5	324.1
0	110.6	108.5	98.3	88.8	77.9	79.6	77.9	75.2	76	74.1	75.2	72.3	72.5	72.5	72.2	73.8	76.8	103.5	146.9	241	314.4	352.2	433.2	415.5	521.4	407.1	324.2
0	111.7	108.5	98.3	88.8	77.9	79.6	77.9	75.2	76	74.1	75.2	72.3	72.4	72.5	72.2	73.8	76.8	103.7	147.3	241.6	314.5	352.5	433.8	415.4	521.5	407.7	324.3
0	112.7	108.5	98.2	88.8	77.9	79.6	77.9	75.2	76	74	75.2	72.3	72.4	72.5	72.2	73.7	76.9	103.9	147.6	242.2	314.7	353	434.2	415.3	521.7	408.2	324.3
0	110.7	108.5	98.2	88.8	77.9	79.5	77.9	75.2	76	74	75.2	72.3	72.4	72.6	72.2	73.7	77	104.1	148	242.7	314.8	353.3	434.3	415.3	521.8	408.7	324.3
0	47.4	108.5	98.2	88.8	77.9	79.5	77.9	75.2	76	74	75.1	72.3	72.4	72.6	72.2	73.7	77.1	104.3	148.3	243.4	314.9	353.8	434.2	415.2	522.1	409.2	324.3
0	110.8	108.4	98.2	88.8	77.9	79.5	77.9	75.2	75.9	74	75.1	72.3	72.4	72.6	72.2	73.7	77.2	104.5	148.7	244.1	315	354.5	434.1	415.2	522.4	409.6	324.2
0	112	108.2	98.3	88.8	77.9	79.5	77.9	75.2	75.9	74	75.1	72.3	72.4	72.6	72.2	73.7	77.3	104.7	149	244.6	315.1	355.1	433.8	415.2	522.7	410	324.1
0	111	108.1	98.3	88.8	77.9	79.4	77.9	75.2	75.9	74	75.1	72.3	72.4	72.6	72.2	73.7	77.4	104.9	149.2	245.3	315.3	355.8	433.5	415.2	523.2	410.3	324
0	111	108	98.3	88.8	77.9	79.4	77.9	75.1	75.9	74	75.1	72.3	72.4	72.6	72.1	73.7	77.5	105.1	149.3	245.9	315.4	356.4	433.1	415.2	523.6	410.5	323.9
0	113.2	107.9	98.4	88.8	77.9	79.4	77.9	75.1	75.9	74	75.1	72.3	72.3	72.7	72.1	73.6	77.6	105.3	149.4	246.5	315.5	357.1	432.8	415.2	524.1	410.7	323.9
0	111.1	107.7	98.4	88.8	77.9	79.4	77.9	75.1	75.9	74	75.1	72.3	72.3	72.7	72.1	73.6	77.6	105.6	149.5	247.1	315.6	357.8	432.5	415.2	524.7	410.8	323.9
0	111.1	107.6	98.5	88.8	77.9	79.4	77.9	75.1	75.9	74	75.1	72.3	72.3	72.7	72.1	73.6	77.7	105.8	149.6	247.7	315.9	358.4	432.2	415.2	525.2	410.6	323.8
0	111.1	107.4	98.5	88.7	77.9	79.4	77.9	75.1	75.9	74	75.1	72.3	72.3	72.7	72.1	73.7	77.8	106	149.6	248.2	316.2	359	432	415.3	525.8	410.5	323.7
0	111.1	107.2	98.6	88.7	77.9	79.4	77.9	75.1	75.9	73.9	75.1	72.3	72.3	72.7	72.1	73.7	77.9	106.2	149.8	248.8	316.7	359.7	431.7	415.3	526.3	410.4	323.7
0	111.1	107	98.6	88.6	77.8	79.3	77.8	75.1	75.9	73.9	75.1	72.3	72.3	72.8	72.1	73.7	78	106.5	149.9	249.3	317	360.2	431.4	415.4	526.8	410.2	323.7
0	112.2	106.9	98.7	88.6	77.8	79.3	77.8	75.1	75.9	73.9	75.1	72.3	72.3	72.8	72.1	73.7	78.1	106.7	150.1	249.9	317.6	360.7	431.1	415.4	527.2	410.1	323.6
0	111.1	106.7	98.8	88.5	77.8	79.3	77.8	75.1	75.8	73.9	75	72.3	72.2	72.8	72.1	73.7	78.2	106.9	150.5	250.3	318.1	361.2	430.7	415.5	527.6	410	323.7
0	112.1	106.6	98.9	88.5	77.8	79.3	77.8	75.1	75.8	73.9	75	72.3	72.2	72.8	72.1	73.7	78.3	107.1	150.8	250.7	318.6	361.5	430.2	415.7	527.9	409.8	323.7
0	111	106.5	98.9	88.4	77.8	79.3	77.8	75.1	75.8	73.9	75	72.3	72.2	72.8	72.1	73.8	78.4	107.3	151.2	251.2	319.2	361.8	429.8	415.8	528.2	409.7	323.9
0	110.9	106.4	99	88.4	77.8	79.3	77.8	75.1	75.8	73.8	75	72.3	72.2	72.8	72.1	73.8	78.4	107.6	151.5	251.7	319.8	362	429.7	415.9	528.5	409.5	324.2
0	110.9	106.3	99.1	88.3	77.8	79.3	77.8	75.1	75.8	73.8	75	72.3	72.2	72.8	72.1	73.8	78.5	107.8	151.9	252.2	320.3	362	429.5	416.1	528.7	409.4	324.5
0	-132	106.2	99.2	88.2	77.8	79.3	77.8	75.1	75.8	73.8	75	72.3	72.2	72.8	72.1	73.9	78.6	108	152.3	252.6	321	362	429.3	416.3	528.7	409.3	324.9
0	110.8	106.2	99.2	88.1	77.8	79.3	77.8	75.1	75.8	73.8	75	72.3	72.2	72.8	72.1	73.9	78.7	108.3	152.7	253	321.7	361.9	429	416.5	528.6	409.2	325.3
0	110.7	106.2	99.3	88.1	77.8	79.2	77.8	75.1	75.8	73.8	75	72.3	72.2	72.8	72.1	73.9	78.8	108.6	153.1	253.4	322.4	361.7	428.7	416.6	528.5	409.3	325.7
0	111.8	106.3	99.3	88	77.8	79.2	77.8	75.1	75.8	73.7	75	72.2	72.2	72.8	72.1	73.9	78.9	108.8	153.5	253.7	323.3	361.5	428.3	416.8	528.4	409.5	326.3
0	110.6	106.3	99.4	88	77.8	79.2	77.8	75.1	75.7	73.7	75	72.2	72.2	72.8	72.1	74	79	109.1	153.9	254	324.1	361.3	427.8	416.9	528.2	409.6	327
0	110.6	106.5	99.4	87.9	77.8	79.2	77.8	75.1	75.7	73.7	75	72.2	72.2	72.8	72.1	74	79.1	109.3	154.2	254.3	324.9	361	427.4	417.1	528.1	409.7	327.6
0	110.5	106.6	99.5	87.8	77.8	79.2	77.8	75.1	75.7	73.7	75	72.2	72.2	72.8	72.1	74	79.2	109.5	154.6	254.6	325.8	360.7	426.9	417.2	528	409.8	328.3
0	112.4	106.7	99.5	87.8	77.8	79.2	77.8	75.1	75.7	73.7	75	72.2	72.3	72.8	72.1	74.1	79.3	109.8	154.9	254.9	326.7	360.5	426.4	417.3	528	409.9	329
0	110.4	106.8	99.5	87.7	77.8	79.1	77.8	75.1	75.7	73.7	75	72.2	72.3	72.7	72.2	74.1	79.4	110.1	155.3	255.2	327.7	360.1	425.9	417.4	528	410	329.6
0	112.2	106.9	99.5	87.7	77.8	79.1	77.8	75.1	75.7	73.7	75	72.2	72.2	72.7	72.2	74.1	79.5	110.3	155.6	255.5	328.5	359.7	425.4	417.6	528.1	410.1	330.2
0	110.3	107	99.6	87.6	77.8	79.1	77.8	75.1	75.7	73.7	75	72.2	72.2	72.6	72.2	74.2	79.6	110.6	156.1	255.9	329.4	359.4	424.9	417.7	528.1	410.3	330.7
0	110.2	107.1	99.5	87.5	77.8	79.1	77.8	75.1	75.7	73.6	75	72.2	72.2	72.6	72.2	74.2	79.7	110.9	156.5	256.3	330.2	359	424.6	417.8	528.2	410.6	331.1
0	110.2	107.2	99.5	87.5	77.8	79.1	77.8	75.1	75.6	73.6	74.9	72.2	72.2	72.6	72.2	74.2	79.8	111.2	157	256.7	331	358.7	424.5	417.8	528.4	411	331.6
0	110.1	107.3	99.5	87.4	77.8	79.1	77.8	75.1	75.6	73.6	74.9	72.2	72.2	72.5	72.2	74.2	79.9	111.5	157.5	257.2	331.7	358.5	424.4	417.8	528.6	411.6	331.8
0	110.1	107.4	99.5	87.4	77.8	79.1	77.8	75.1	75.6	73.6	74.9	72.2	72.3	72.5	72.2	74.3	79.9	111.8	157.9	257.8	332.3	358.2	424.4	417.8	528.8	412.3	332.1
0	110.1	107.6	99.5	87.3	77.8	79.1	77.8	75.1	75.6	73.6	74.9	72.2	72.3	72.4	72.2	74.3	80	112.2	158.4	258.5	332.9	358	424.4	417.7	529.1	413.1	332.4
0	110.1	107.7	99.5	87.3	77.8	79.1	77.8	75.1	75.6	73.6	74.9	72.2	72.3	72.4	72.2	74.3	80.1	112.5	158.9	259.1	333.3	357.8	424.4	417.6	529.4	413.9	332.6
0	110.1	107.9	99.5	87.2	77.8	79.1	77.8	75.1	75.6	73.6	74.9	72.2	72.3	72.4	72.2	74.4	80.2	112.8	159.5	259.9	333.5	357.5	424.4	417.6	529.7	414.7	332.9
0	110.1	108	99.5	87.2	77.8	79.1	77.8	75.1	75.6	73.6	74.9	72.2	72.4	72.3	72.2	74.4	80.3	113.2	160	260.6	333.6	357.2	424.5	417.5	530	415.5	333.1
0	112.1	108.2	99.5	87.2	77.8	79.1	77.8	75	75.6	73.6	74.9	72.2	72.4	72.3	72.3	74.4	80.4	113.5	160.5	261.4	333.6	356.9	424.6	417.5	530.1	416.3	333.4
0	110.1	108.4	99.5	87.1	77.8	79.1	77.8	75	75.5	73.6	74.9	72.2	72.4	72.3	72.3	74.5	80.5	113.9	161	262.3	333.4	356.5	424.8	417.5	530.3	417.1	333.6
0	87.1	108.5	99.5	87.1	77.8	79.1	77.8	75	75.5	73.6	74.9	72.2	72.5	72.2	72.3	74.5	80.5	114.2	161.4	263.1	333.2	356.1	424.9	417.5	530.5	417.9	333.7
0	110.1	108.6	99.4	87.1	77.8	79.1	77.8	75	75.5	73.6	74.9	72.2	72.5	72.2	72.3	74.5	80.6	114.5	161.9	264.1	332.8	355.7	425	417.6	530.8	418.7	333.9
0	111.2	108.7	99.5	87.1	77.8	79.1	77.8	75	75.5	73.6	74.9	72.3	72.5	72.2	72.3	74.6	80.7	114.8	162.4	264.9	332.3	355.3	425	417.5	531.1	419.5	333.9
0	112.2	108.8	99.4	87	77.8	79.1	77.8	75	75.5	73.6	74.9	72.3	72.5	72.2	72.3	74.6	80.8	115.2	162.8	265.9	331.8	354.8	425	417.6	531.5	420.1	334
0	110.2	108.9	99.4	87	77.8	79.1	77.8	74.9	75.5	73.6	74.9	72.3	72.5	72.2	72.3	74.6	80.9	115.5	163.4	266.8	331.3	354.5	425.1	417.6	532	420.9	334.1
0	112.2	108.9	99.4	87	77.8	79.1	77.8	74.9	75.5	73.6	74.8	72.3	72.5	72.2	72.3	74.7	81	115.8	163.9	267.8	330.9	354.1	425	417.6	532.5	421.4	334.1
0	110.3	109	99.4	87	77.8	79	77.8	74.9	75.5	73.6	74.8	72.2	72.5	72.2	72.3	74.7	81.2	116.1	164.4	268.8	330.5	353.7	425	417.8	533	421.9	334
0	111.4	109.1	99.4	86.9	77.8	79	77.8	74.9	75.5	73.6	74.8	72.2	72.4	72.2	72.3	74.7	81.3	116.4	164.9	269.8	330	353.3	424.8	417.9	533.6	422.4	333.9
0	112.4	109.1	99.4	86.9	77.8	79	77.8	74.9	75.5	73.6	74.8	72.2	72.4	72.2	72.4	74.8	81.4	116.8	165.4	270.7	329.6	353	424.5	418.1	534.1	422.7	333.6
0	110.5	109.1	99.4	86.9	77.8	79	77.8	74.8	75.5	73.5	74.8	72.2	72.3	72.2	72.4	74.8	81.6	117.1	166	271.5	329.2	352.8	424.3	418.2	534.7	423.1	333.4
0	112.4	109.2	99.4	86.9	77.8	79	77.8	74.8	75.5	73.5	74.8	72.2	72.3	72.2	72.4	74.8	81.7	117.5	166.5	272.4	328.8	352.7	424.1	418.3	535.3	423.5	333.1
0	110.6	109.2	99.4	86.9	77.8	79	77.8	74.8	75.5	73.5	74.8	72.2	72.2	72.2	72.4	74.8	81.9	117.8	167.1	273.1	328.4	352.5	423.8	418.6	536	423.8	332.8
0	112.6	109.2	99.4	86.8	77.8	79	77.8	74.8	75.5	73.5	74.8	72.2	72.2	72.3	72.4	74.8	82.1	118.1	167.7	273.7	328	352.4	423.6	418.6	536.6	424.2	332.3
0	110.7	109.3	99.4	86.8	77.8	79	77.8	74.8	75.5	73.5	74.8	72.2	72.2	72.3	72.4	74.9	82.2	118.4	168.3	274.1	327.6	352.3	423.3	418.8	537.1	424.5	332
0	110.7	109.2	99.4	86.8	77.7	79	77.7	74.8	75.5	73.5	74.8	72.2	72.1	72.3	72.4	74.9	82.4	118.8	169	274.6	327.1	352.2	422.9	419.1	537.6	424.7	331.5
0	110.7	109.2	99.4	86.8	77.7	79	77.7	74.8	75.4	73.5	74.8	72.2	72.1	72.4	72.4	74.9	82.6	119.1	169.8	274.8	326.6	352	422.5	419.3	538.1	425	331.1
0	111.8	109.2	99.4	86.8	77.7	79	77.7	74.7	75.4	73.5	74.8	72.2	72	72.4	72.4	75	82.8	119.4	170.6	274.9	326.2	352	422	419.5	538.3	425.1	330.6
0	110.7	109.1	99.4	86.8	77.7	79	77.7	74.7	75.4	73.5	74.8	72.2	71.9	72.4	72.4	75	83.1	119.7	171.5	274.9	325.7	351.8	421.6	419.9	538.5	425.2	330
0	111.8	109	99.3	86.8	77.6	79.1	77.6	74.7	75.4	73.5	74.8	72.2	71.9	72.4	72.4	75	83.3	120	172.5	274.7	325.2	351.8	421.3	420.2	538.6	425.4	329.5
0	110.7	108.9	99.3	86.7	77.6	79.1	77.6	74.7	75.4	73.5	74.8	72.2	71.9	72.5	72.5	75.1	83.5	120.3	173.6	274.4	324.7	351.6	421.1	420.6	538.6	425.5	329.1
0	111.7	108.8	99.3	86.7	77.6	79.1	77.6	74.6	75.4	73.5	74.8	72.1	71.9	72.5	72.5	75.1	83.7	120.5	174.7	274	324.1	351.5	421	421	538.6	425.5	328.7
0	110.6	108.6	99.2	86.7	77.6	79.1	77.6	74.6	75.4	73.5	74.8	72.1	71.9	72.5	72.5	75.2	84	120.8	175.9	273.5	323.4	351.4	421	421.4	538.6	425.5	328.4
0	110.6	108.4	99.2	86.7	77.5	79.1	77.5	74.6	75.4	73.5	74.8	72.1	71.9	72.5	72.5	75.2	84.2	121.1	177	273	322.9	351.3	421.1	421.9	538.7	425.3	328.3
0	110.6	108.2	99.1	86.7	77.5	79.1	77.5	74.6	75.4	73.5	74.8	72.1	71.9	72.5	72.5	75.3	84.4	121.4	178.3	272.4	322.2	351.1	421.4	422.3	538.8	425	328.2
0	110.5	108.1	99	86.7	77.5	79.1	77.5	74.6	75.4	73.5	74.8	72.1	71.9	72.5	72.5	75.3	84.7	121.7	179.6	271.8	321.6	351	421.6	422.7	539.1	424.5	328.2
0	110.5	108	99	86.6	77.4	79.1	77.4	74.6	75.4	73.5	74.8	72.1	71.9	72.5	72.5	75.4	84.9	122	180.9	271.1	321	350.7	421.8	423.1	539.5	423.9	328.3
0	110.4	107.8	98.9	86.6	77.4	79.1	77.4	74.6	75.4	73.5	74.8	72	72	72.5	72.5	75.4	85.1	122.2	182.2	270.5	320.4	350.6	422	423.5	539.9	423.3	328.3
0	111.4	107.7	98.8	86.6	77.4	79.1	77.4	74.6	75.4	73.5	74.8	72	72	72.5	72.6	75.5	85.4	122.5	183.4	269.9	319.8	350.4	422.3	423.8	540.3	422.6	328.5
0	111.4	107.7	98.7	86.6	77.4	79.1	77.4	74.6	75.4	73.5	74.8	72	72	72.5	72.6	75.6	85.7	122.8	184.6	269.1	319.2	350.2	422.6	424.2	540.8	422	328.7
0	110.3	107.6	98.6	86.6	77.3	79.1	77.3	74.6	75.4	73.5	74.8	72	72.1	72.5	72.6	75.6	85.9	123.1	185.7	268.4	318.6	350	423	424.5	541.4	421.3	328.9
0	-44.1	107.5	98.6	86.6	77.3	79	77.3	74.6	75.4	73.5	74.8	72	72.1	72.4	72.6	75.7	86.2	123.4	186.8	267.6	318.1	349.9	423.3	424.7	541.9	420.6	329.2
0	110.1	107.4	98.5	86.6	77.3	79	77.3	74.6	75.4	73.5	74.8	71.9	72.2	72.4	72.6	75.8	86.4	123.7	187.7	266.8	317.5	349.7	423.8	424.8	542.5	419.9	329.5
0	111.1	107.3	98.5	86.6	77.3	79	77.3	74.6	75.4	73.5	74.7	71.9	72.2	72.4	72.6	75.8	86.7	124	188.5	265.9	317	349.7	424	425	542.9	419.1	329.8
0	110	107.2	98.4	86.6	77.2	79	77.2	74.6	75.4	73.5	74.7	71.9	72.3	72.4	72.6	75.9	86.9	124.3	189.2	264.9	316.5	349.7	424.3	425	543.2	418.5	330.1
0	111	107.1	98.4	86.6	77.2	79	77.2	74.6	75.4	73.5	74.7	71.9	72.3	72.4	72.6	76	87.1	124.7	189.7	263.9	316	349.7	424.5	425.1	543.3	417.8	330.4
0	111.9	107	98.4	86.6	77.2	79	77.2	74.6	75.4	73.5	74.7	71.9	72.3	72.4	72.6	76	87.3	125	190.1	263	315.5	349.7	424.8	425.1	543.3	417.2	330.6
0	109.7	106.8	98.3	86.6	77.2	79	77.2	74.6	75.4	73.5	74.7	71.9	72.4	72.3	72.6	76.1	87.5	125.3	190.3	261.9	315.1	349.9	425.2	425.1	543.1	416.7	330.8
0	110.9	106.7	98.3	86.6	77.1	78.9	77.1	74.6	75.4	73.5	74.7	71.8	72.4	72.3	72.7	76.2	87.7	125.6	190.5	260.8	314.5	350	425.7	425.1	542.8	416.4	330.9
0	109.6	106.5	98.2	86.6	77.1	78.9	77.1	74.6	75.4	73.5	74.7	71.8	72.4	72.3	72.7	76.3	87.9	125.9	190.4	259.7	314	350.2	426.3	425.1	542.4	416.1	331.1
0	109.5	106.4	98.2	86.6	77.1	78.9	77.1	74.6	75.3	73.5	74.7	71.8	72.5	72.3	72.7	76.3	88.1	126.2	190.1	258.5	313.5	350.4	427	425.1	541.9	415.9	331.2
0	109.5	106.2	98.2	86.6	77.1	78.9	77.1	74.6	75.3	73.5	74.7	71.8	72.5	72.3	72.7	76.4	88.2	126.5	189.9	257.3	312.9	350.7	427.7	425.1	541.4	415.8	331.3
0	109.5	106.1	98.1	86.6	77.1	78.8	77.1	74.6	75.3	73.5	74.6	71.8	72.5	72.3	72.7	76.5	88.4	126.8	189.7	256.1	312.4	350.9	428.3	425.1	540.9	415.7	331.3
0	109.4	106	98.1	86.6	77	78.8	77	74.6	75.3	73.5	74.6	71.8	72.5	72.3	72.7	76.6	88.6	127.1	189.5	254.9	312	351.2	428.9	425.1	540.5	415.7	331.4
0	109.4	105.9	98	86.6	77	78.8	77	74.6	75.3	73.4	74.6	71.8	72.5	72.3	72.7	76.7	88.7	127.4	189.2	253.6	311.5	351.5	429.3	425	540	415.8	331.4
0	109.3	105.9	98	86.6	77	78.8	77	74.6	75.3	73.4	74.6	71.8	72.5	72.2	72.7	76.8	88.9	127.6	188.8	252.4	311.1	351.8	429.7	425	539.5	416	331.5
0	109.3	105.9	98	86.6	77	78.7	77	74.6	75.3	73.4	74.6	71.8	72.5	72.2	72.7	76.9	89.1	127.8	188.3	251.1	310.8	352	430.2	425	539.1	416.2	331.6
0	109.2	105.9	97.9	86.6	77	78.7	77	74.5	75.3	73.4	74.6	71.8	72.5	72.2	72.7	77	89.2	127.9	187.7	249.9	310.3	352.3	430.5	424.9	538.7	416.4	331.7
0	109.1	105.9	97.9	86.6	77	78.7	77	74.5	75.3	73.4	74.6	71.8	72.5	72.2	72.8	77	89.4	128.1	187	248.7	309.9	352.5	430.9	424.8	538.3	416.6	331.9
0	109.1	105.9	97.9	86.6	77	78.7	77	74.5	75.3	73.4	74.6	71.8	72.5	72.2	72.8	77.1	89.5	128.2	186.1	247.5	309.5	352.8	431.1	424.5	538.1	416.5	332.1
0	108.9	106	97.8	86.6	76.9	78.6	76.9	74.5	75.3	73.3	74.5	71.8	72.5	72.2	72.8	77.2	89.6	128.2	185.3	246.5	309.2	353	431.3	424.4	537.8	416.5	332.5
0	108.9	106	97.8	86.6	76.9	78.6	76.9	74.5	75.3	73.3	74.5	71.8	72.4	72.2	72.8	77.3	89.7	128.2	184.4	245.4	308.9	353.4	431.5	424.2	537.5	416.4	332.9
0	108.8	106	97.8	86.7	76.9	78.6	76.9	74.5	75.3	73.3	74.5	71.8	72.4	72.2	72.8	77.3	89.8	128.2	183.3	244.4	308.7	353.8	431.7	423.9	537.1	416.4	333.4
0	108.8	106	97.8	86.7	76.9	78.6	76.9	74.6	75.3	73.3	74.5	71.8	72.4	72.2	72.8	77.4	89.9	128.2	182.3	243.5	308.6	354.1	431.8	423.7	536.7	416.3	333.8
0	108.7	106	97.8	86.7	76.9	78.6	76.9	74.6	75.3	73.2	74.5	71.8	72.4	72.2	72.8	77.4	90	128.1	181.3	242.5	308.6	354.5	431.8	423.4	536.3	416.2	334.2
0	108.6	105.9	97.8	86.7	76.9	78.5	76.9	74.6	75.2	73.2	74.5	71.7	72.4	72.2	72.8	77.4	90.1	127.9	180.2	241.6	308.6	354.9	431.8	423.1	535.8	416.2	334.6
0	108.6	105.8	97.8	86.7	76.9	78.5	76.9	74.6	75.2	73.2	74.5	71.7	72.4	72.2	72.8	77.5	90.2	127.7	179.1	240.6	308.7	355.3	431.8	422.8	535.4	416.2	334.9
0	108.5	105.7	97.7	86.7	76.9	78.5	76.9	74.6	75.2	73.2	74.5	71.7	72.4	72.2	72.8	77.5	90.3	127.4	177.8	239.6	308.7	355.9	431.9	422.5	535	416.2	335.3
0	110.7	106.2	99.3	88.1	77.8	79.2	77.8	75.1	75.8	73.8	75	72.3	72.2	72.8	72.1	73.9	78.8	108.6	153.1	253.4	322.4	361.7	428.7	416.6	528.5	409.3	325.7